1 1 1 0.00011415422484278678 0.0021860320679843426 0.05221983085913468
1 1 4 0.00011241379156708717 0.0020925695821642875 0.05372045571398427
1 1 16 0.00010733090452849866 0.0020835625007748606 0.051513167706072234
1 1 64 0.00013865152914077042 0.0021092083118855955 0.06573628994322442
1 1 256 0.00012277267072349787 0.0021809849888086317 0.05629230432739601
1 2 1 0.00011196923349052668 0.0024153933487832545 0.04635652141169088
1 2 4 0.00013176001254469158 0.0020715904422104357 0.06360331166815993
1 2 16 0.00011103757079690695 0.002024712488055229 0.05484115470812373
1 2 64 0.0001098173039034009 0.002126068752259016 0.05165275289743876
1 2 256 0.00012735390849411487 0.0020748654194176195 0.061379358536835134
1 8 1 0.0001068934416398406 0.0020937979221343993 0.05105241556972908
1 8 4 0.00012803838327527046 0.0022774950042366983 0.05621895241793625
1 8 16 0.00010999640002846717 0.0020918704383075235 0.05258279767912506
1 8 64 0.00011821860000491142 0.002168080843985081 0.05452684125358423
1 8 256 0.00016853403337299824 0.0020841354317963122 0.08086520232888085
1 32 1 0.00011098433341830969 0.002030962910503149 0.05464616455788183
1 32 4 0.00012205357514321804 0.002077832091599703 0.058740826863084086
1 32 16 0.00011940699573606252 0.002141615841537714 0.05575556242165561
1 32 64 0.00014373842924833298 0.0021082729287445544 0.06817828341320452
1 32 256 0.0001934871692210436 0.002122464571148157 0.09116155428515624
2 1 1 0.00011746396236121655 0.002529776655137539 0.046432542620973107
2 1 4 0.00012941659577190876 0.0021431104093790052 0.06038727412527894
2 1 16 0.00010967366229742765 0.002044011689722538 0.05365608369505714
2 1 64 0.00011981712076812983 0.0016461416706442832 0.07278663975575966
2 1 256 0.0001338549666106701 0.0020145425014197827 0.06644434977983019
2 2 1 0.00010855693332850934 0.0021637495793402194 0.0501707472828769
2 2 4 0.00012080566678196191 0.0019711279310286045 0.061287583053486146
2 2 16 0.0001202486539259553 0.0020372687466442586 0.059024443448625064
2 2 64 0.0001230367748066783 0.0025101866759359836 0.049014989995037346
2 2 256 0.00012995602078735827 0.0022149712592363356 0.05867165104081925
2 8 1 0.00011307772528380155 0.00215768501162529 0.05240696611162212
2 8 4 0.00011838307492434979 0.0022493600100278854 0.05262966994904572
2 8 16 0.0001322414292022586 0.002113788168877363 0.06256134420153002
2 8 64 0.00012070481237024069 0.002173397075384855 0.05553739523131862
2 8 256 0.0001665281791239977 0.002143209148198366 0.07770038648070597
2 32 1 0.00013368905000388622 0.0017822645790874958 0.07501077649892693
2 32 4 0.00012015538755804301 0.0022467599995434286 0.05347940482404003
2 32 16 0.00012074944581836463 0.002112807501107454 0.057151181901366935
2 32 64 0.00014184154197573661 0.0020426628924906255 0.06943952548273336
2 32 256 0.00022790079191327094 0.0020424716919660566 0.1115808815415682
8 1 1 0.00011477292068302631 0.0019928695634007453 0.057591787636703785
8 1 4 0.00012343424167484044 0.0020537866652011873 0.060100809770691994
8 1 16 0.00011627679150551557 0.002195277493447065 0.052966785225377414
8 1 64 0.0001150874000042677 0.002040747497230768 0.056394727990816
8 1 256 0.00014651683326810598 0.0021673999913036823 0.06760027399463849
8 2 1 0.00011581435408443213 0.00201924666762352 0.057355228532200916
8 2 4 0.00011894071269780398 0.002141248323023319 0.055547369923851966
8 2 16 2.149117924273014e-05 0.0004176897071301937 0.051452499010303236
8 2 64 2.315460406243801e-05 0.00042143712379038336 0.054942013304824025
8 2 256 3.100357931107283e-05 0.0004344227481633425 0.07136730164833706
8 8 1 2.0641670748591422e-05 0.00041694045811891555 0.04950747845800134
8 8 4 2.120384555310011e-05 0.0004176132921129465 0.050773876103937264
8 8 16 2.2912820987403393e-05 0.0004188113771378994 0.05470916560095986
8 8 64 2.8605620935559272e-05 0.0004239820409566164 0.06746894484261025
8 8 256 5.6047041527926924e-05 0.00044314779154956343 0.12647482983486424
8 32 1 2.0703412406146527e-05 0.0004168647080659866 0.04966458422973366
8 32 4 2.3332604207098483e-05 0.0004188457503914833 0.05570691402572464
8 32 16 2.888255398720503e-05 0.0004231890011578798 0.06824977470628961
8 32 64 4.95818667113781e-05 0.00043768558278679847 0.11328192808107637
8 32 256 0.00015573156662285328 0.00049861491471529 0.31232833601011767
32 1 1 2.0621874928474425e-05 0.00041689904034137725 0.04946491340346629
32 1 4 2.1240241825580597e-05 0.00041792479157447813 0.05082311998185297
32 1 16 2.22676333039999e-05 0.00041990462504327297 0.053030216806269105
32 1 64 2.6137791574001314e-05 0.00042962145805358886 0.06083912030935153
32 1 256 4.456451684236527e-05 0.000464778333902359 0.09588337835844005
32 2 1 2.0581408217549324e-05 0.0004169956687837839 0.04935640765185255
32 2 4 2.1461953967809678e-05 0.0004179561659693718 0.05134977233326049
32 2 16 2.315317504107952e-05 0.0004213734995573759 0.05494691779478385
32 2 64 2.950824163854122e-05 0.00043317429162561893 0.06812094394568645
32 2 256 6.051317509263754e-05 0.0004849917497485876 0.12477155564812527
32 8 1 2.071027085185051e-05 0.0004171438366174698 0.04964779300057666
32 8 4 2.336039151996374e-05 0.00041977333463728427 0.055650012977000736
32 8 16 2.901043351739645e-05 0.0004240511655807495 0.06841257817948898
32 8 64 4.966474995017052e-05 0.0004419289156794548 0.11238176138307716
32 8 256 0.00015577208753675222 0.0005163661651313305 0.3016698189300102
32 32 1 2.0583412423729895e-05 0.00041701879166066645 0.049358476968776224
32 32 4 3.0211658403277396e-05 0.0004245983753353357 0.07115349506322789
32 32 16 5.076232496649027e-05 0.0004387096650898457 0.1157082439843088
32 32 64 0.00012951365821063518 0.000493427125737071 0.26247778335487826
32 32 256 0.0005361358355730772 0.0007167966235429048 0.7479608831346372
