M N colnnz rac rar ratio
10 1 1 2.0861720852553846e-05 2.616390436887741e-05 0.7973473896873496
10 1 2 2.0737312547862528e-05 2.610644157975912e-05 0.7943370024025261
10 1 4 2.065353337675333e-05 2.6054666563868522e-05 0.7926999689719596
10 1 10 2.11540000513196e-05 2.582524586468935e-05 0.8191209548267377
10 1 20 2.1670258231461046e-05 2.5728454068303107e-05 0.8422681819098619
10 1 40 2.280630823224783e-05 2.5969295948743822e-05 0.8782027929159554
10 1 80 2.4637920781970024e-05 2.67428332939744e-05 0.9212905944233423
10 1 160 2.6593258418142795e-05 2.8581699915230275e-05 0.9304295579694368
10 1 320 3.3809846080839634e-05 3.1388770788908006e-05 1.0771318924278224
10 2 1 2.0680304244160652e-05 2.6174762472510338e-05 0.790085650858526
10 2 2 2.0811195857822895e-05 2.5988825038075448e-05 0.8007747879072269
10 2 4 2.103072926402092e-05 2.6076779142022133e-05 0.8064925944067372
10 2 10 2.1454450115561487e-05 2.5565533339977264e-05 0.8391943101774761
10 2 20 2.2581675089895725e-05 2.542077898979187e-05 0.8883156216008867
10 2 40 2.4321020767092706e-05 2.5593074969947338e-05 0.950296937575952
10 2 80 2.761973738670349e-05 2.690726686269045e-05 1.0264787400239803
10 2 160 3.436865005642176e-05 2.841270826756954e-05 1.209622459526337
10 2 320 5.7152695767581466e-05 3.128407504409552e-05 1.8268942165310504
10 4 1 2.0706437341868877e-05 2.5877670757472514e-05 0.8001661948608579
10 4 2 2.0814287476241587e-05 2.5987262465059757e-05 0.8009419039126069
10 4 4 2.117997482419014e-05 2.5558958388864995e-05 0.8286712823718746
10 4 10 2.2139912471175193e-05 2.5300833396613596e-05 0.8750665293949772
10 4 20 2.3919916711747645e-05 2.532185446470976e-05 0.9446352653627345
10 4 40 2.747816275805235e-05 2.6127020828425884e-05 1.0517143511500722
10 4 80 4.308817479759455e-05 2.710356246680021e-05 1.5897605656221119
10 4 160 6.051377076655626e-05 2.8429145738482475e-05 2.1285821010317294
10 4 320 0.0001064093416556716 3.215019162744284e-05 3.309757617893713
10 8 1 2.082239165902138e-05 2.5995029136538506e-05 0.8010143612323753
10 8 2 2.125829178839922e-05 2.563183344900608e-05 0.829370705403969
10 8 4 2.1720320917665958e-05 2.5157633237540722e-05 0.8633690106132266
10 8 10 2.3750449903309345e-05 2.5284033641219138e-05 0.9393457642213512
10 8 20 2.714852076023817e-05 2.5726800039410592e-05 1.055262244766145
10 8 40 4.108092505484819e-05 2.638649996370077e-05 1.5568917860027727
10 8 80 7.536088749766349e-05 2.721369992941618e-05 2.7692260770540593
10 8 160 0.00012250217087566851 3.0208716727793217e-05 4.0551928100594115
10 8 320 0.0001979316659271717 3.6873662658035755e-05 5.367833072694153
10 16 1 2.1670841611921787e-05 2.5578179210424422e-05 0.8472394158177532
10 16 2 2.169794999063015e-05 2.5203504227101803e-05 0.8609100462822918
10 16 4 2.2805020771920682e-05 2.497579175978899e-05 0.9130849981155253
10 16 10 2.6914595812559128e-05 2.5584516488015653e-05 1.0519876670394186
10 16 20 3.921793755143881e-05 2.601496670395136e-05 1.507514424205743
10 16 40 7.990899588912725e-05 2.6511208526790142e-05 3.0141589286047634
10 16 80 0.00015361752081662417 2.8024700097739697e-05 5.481504539954525
10 16 160 0.0002458788342773914 3.2723387703299523e-05 7.513856343565531
10 16 320 0.0003896366246044636 5.4533533193171026e-05 7.144899693630266
100 1 1 2.1512933261692525e-05 2.6801729202270506e-05 0.8026696001342354
100 1 2 2.18039957806468e-05 2.6974820718169213e-05 0.8083092009564482
100 1 4 2.274645417928696e-05 2.7161537483334542e-05 0.8374509062030624
100 1 10 2.561636660248041e-05 2.7632287330925463e-05 0.9270447392102471
100 1 20 3.0337258242070676e-05 2.8554145991802216e-05 1.0624467021629849
100 1 40 4.748026244342327e-05 3.2613008096814154e-05 1.455868845415135
100 1 80 9.348797518759965e-05 3.924513328820467e-05 2.3821546101283837
100 1 160 0.00015526529997587205 5.457782465964556e-05 2.8448422219853344
100 1 320 0.0002572179604321718 8.42311292886734e-05 3.0537161570118
100 2 1 2.1402862668037414e-05 2.663974594324827e-05 0.803418422744451
100 2 2 2.2333516739308835e-05 2.686937488615513e-05 0.8311885495637836
100 2 4 2.417952511459589e-05 2.6744341850280762e-05 0.9040987155323118
100 2 10 2.94173376634717e-05 2.7108362503349782e-05 1.085175751941365
100 2 20 4.7321258299052716e-05 2.8512425161898137e-05 1.659671460086436
100 2 40 0.00010019013341516256 3.2559462450444696e-05 3.0771433517261326
100 2 80 0.00019139454178512098 4.0179099887609485e-05 4.763534830807488
100 2 160 0.00030974062345921993 5.514582488685846e-05 5.616755649130434
100 2 320 0.0005050923321396112 9.147039987146854e-05 5.521921111631214
100 4 1 2.226028311997652e-05 2.6775649935007096e-05 0.8313629425993099
100 4 2 2.340993769466877e-05 2.6686466857790946e-05 0.8772213204324718
100 4 4 2.6507370732724666e-05 2.6601387560367586e-05 0.9964657171574391
100 4 10 4.176322501152754e-05 2.686311658471823e-05 1.55466789863413
100 4 20 9.78390334174037e-05 2.8277871012687683e-05 3.459915117849763
100 4 40 0.0002008066661655903 3.258654158562422e-05 6.162257680458413
100 4 80 0.0003759295828640461 4.0000104159116746e-05 9.39821509885656
100 4 160 0.0006035442091524601 5.533234998583794e-05 10.907619309625103
100 4 320 0.0009913458749651908 0.00012760026678442955 7.769152055457615
100 8 1 2.2728375159204005e-05 2.6568083092570304e-05 0.8554766664953686
100 8 2 2.552025429904461e-05 2.6462079212069512e-05 0.9644085067738997
100 8 4 3.188081681728363e-05 2.6165758445858954e-05 1.218417455135116
100 8 10 9.462359566241503e-05 2.7004262432456016e-05 3.5040244442554505
100 8 20 0.00020284883305430413 2.882107086479664e-05 7.038212910474221
100 8 40 0.00040834458358585834 3.25444208458066e-05 12.547299136788116
100 8 80 0.0007544559594243764 4.0269541554152966e-05 18.735151439700708
100 8 160 0.0011881045009940862 7.341384571045637e-05 16.18365704038937
100 8 320 0.0019669621232897045 0.00020788520760834216 9.461770493047688
100 16 1 2.4779733270406723e-05 2.5957433506846427e-05 0.9546295578055096
100 16 2 2.931539583951235e-05 2.5833445973694326e-05 1.1347845683987967
100 16 4 5.8522066846489905e-05 2.608896680176258e-05 2.243173035221009
100 16 10 0.00019775420799851418 2.7471662685275078e-05 7.1984797667347316
100 16 20 0.00041147783398628237 2.9025066830217837e-05 14.176636918468525
100 16 40 0.000811690665781498 3.288052510470152e-05 24.68606152720584
100 16 80 0.00148891712538898 4.4337566755712036e-05 33.581390101818386
100 16 160 0.0023748945444822312 0.00011555379182100295 20.552285710892374
100 16 320 0.003914881646633148 0.0003533302079886198 11.079951722551954
1 1 1 0.00010330307111144065 0.00013519565425813197 0.7641005302892494
1 1 2 0.00011469902079552412 0.00015696595851331948 0.7307254508039795
1 1 4 0.00010129675436764955 0.00013565726671367883 0.7467108605501295
1 1 10 0.00011571326646953822 0.00016914355810731648 0.6841127605706487
1 1 20 0.00011428384985774756 2.6369316689670084e-05 4.333970849632108
1 1 40 2.0949375256896017e-05 2.5314795970916747e-05 0.8275545764209988
1 1 80 2.1029366739094257e-05 2.5096850097179413e-05 0.8379285311768152
1 1 160 2.150623742491007e-05 2.5513766519725322e-05 0.8429267943752274
1 1 320 2.2285933420062066e-05 2.6122812367975713e-05 0.8531215209960576
1 2 1 2.0749666914343832e-05 2.6126483269035816e-05 0.7942005321066538
1 2 2 2.079823762178421e-05 2.5859837606549262e-05 0.8042679129785738
1 2 4 2.0623212493956088e-05 2.570969145745039e-05 0.8021571370503439
1 2 10 2.0815279148519038e-05 2.5368995778262614e-05 0.8205007139602498
1 2 20 2.098426651209593e-05 2.5033474713563918e-05 0.8382482556736719
1 2 40 2.1066383458673954e-05 2.4972320720553397e-05 0.8435893361458924
1 2 80 2.1454549953341484e-05 2.5540425255894663e-05 0.8400232078512408
1 2 160 2.214510403573513e-05 2.6046621054410933e-05 0.8502102437576988
1 2 320 2.324842903763056e-05 2.598619591444731e-05 0.8946453384008138
1 4 1 2.077426239848137e-05 2.5998762622475624e-05 0.7990481201025414
1 4 2 2.075158338993788e-05 2.551664188504219e-05 0.8132568338509473
1 4 4 2.086337488144636e-05 2.5446854159235956e-05 0.8198803180500008
1 4 10 2.083259578794241e-05 2.5080670788884162e-05 0.8306235492383834
1 4 20 2.0981012471020223e-05 2.4888012744486333e-05 0.8430167842817557
1 4 40 2.155637536197901e-05 2.5233924947679043e-05 0.854261689637058
1 4 80 2.2244374826550483e-05 2.5541420839726926e-05 0.8709137587190042
1 4 160 2.3128029331564903e-05 2.5720395706593992e-05 0.8992097009470007
1 4 320 2.4897125177085398e-05 2.662983350455761e-05 0.934933565124406
1 8 1 2.0740625075995922e-05 2.581572104245424e-05 0.803410644308084
1 8 2 2.082167509943247e-05 2.5297175161540507e-05 0.8230830109081833
1 8 4 2.086509559303522e-05 2.5002654269337654e-05 0.8345152225947233
1 8 10 2.116406261920929e-05 2.5189229287207126e-05 0.8402028651967489
1 8 20 2.1780595928430556e-05 2.5388208217918874e-05 0.8579020520659634
1 8 40 2.2494937479496002e-05 2.5570474751293658e-05 0.8797231063673521
1 8 80 2.3618916794657707e-05 2.557934168726206e-05 0.9233590560471461
1 8 160 2.551443763077259e-05 2.631203308701515e-05 0.9696870457100417
1 8 320 2.9434616677463055e-05 2.9252770915627478e-05 1.0062163602333627
1 16 1 2.087510395795107e-05 2.5354299880564213e-05 0.8233358466329906
1 16 2 2.1202887594699858e-05 2.5116608291864394e-05 0.8441779777075935
1 16 4 2.093169167637825e-05 2.505494188517332e-05 0.8354316594429991
1 16 10 2.1567424759268762e-05 2.536392491310835e-05 0.8503189010831081
1 16 20 2.237006239593029e-05 2.5577916391193867e-05 0.8745850152060081
1 16 40 2.377349603921175e-05 2.5878916680812836e-05 0.9186434012068949
1 16 80 2.657301668077707e-05 2.603588309139013e-05 1.0206305116481555
1 16 160 3.102051261812449e-05 2.8193816728889942e-05 1.1002594262570367
1 16 320 4.911116231232882e-05 3.526616673916578e-05 1.3925857798938808
2 1 1 2.0763674937188625e-05 2.6185370795428752e-05 0.7929494334605105
2 1 2 2.057776227593422e-05 2.631002925336361e-05 0.7821261648085569
2 1 4 2.0703054033219815e-05 2.588926237076521e-05 0.7996772459843511
2 1 10 2.0640116557478905e-05 2.5873279012739658e-05 0.7977387229239861
2 1 20 2.0815216563642026e-05 2.5418495945632458e-05 0.818900402610903
2 1 40 2.1007270738482476e-05 2.521012909710407e-05 0.8332869164440581
2 1 80 2.1643253974616527e-05 2.542230412364006e-05 0.8513490307312698
2 1 160 2.2287408262491226e-05 2.62165917083621e-05 0.8501260770438892
2 1 320 2.3280662670731545e-05 2.66958000138402e-05 0.8720721109186423
2 2 1 2.061025835573673e-05 2.6235529035329818e-05 0.7855857729410423
2 2 2 2.0776895992457866e-05 2.6218970865011214e-05 0.7924375102069431
2 2 4 2.0779575034976005e-05 2.5747654400765895e-05 0.8070473026994603
2 2 10 2.0853783190250397e-05 2.5421008095145227e-05 0.820336593741652
2 2 20 2.100522480905056e-05 2.511245831847191e-05 0.8364463782344956
2 2 40 2.1451137587428093e-05 2.5132741592824458e-05 0.853513633130757
2 2 80 2.2203629277646542e-05 2.5618704222142695e-05 0.8666960313494527
2 2 160 2.3066512495279314e-05 2.6314803957939148e-05 0.8765603016518073
2 2 320 2.4989224970340728e-05 2.677545826882124e-05 0.933288413570852
2 4 1 2.0690437592566014e-05 2.577659599483013e-05 0.8026830849471273
2 4 2 2.0789791457355024e-05 2.5850187614560126e-05 0.8042414146984824
2 4 4 2.0853674784302713e-05 2.5332645885646342e-05 0.8231937113256123
2 4 10 2.095181681215763e-05 2.536114603281021e-05 0.8261384081402259
2 4 20 2.1443979255855083e-05 2.5094266608357428e-05 0.8545369980533064
2 4 40 2.2275703959167003e-05 2.5570433400571346e-05 0.8711508174385998
2 4 80 2.342179175466299e-05 2.584723364561796e-05 0.9061624186089187
2 4 160 2.5333962403237818e-05 2.633264157921076e-05 0.9620744780591483
2 4 320 3.0210033431649207e-05 2.7260733395814896e-05 1.1081885799993587
2 8 1 2.0746771059930325e-05 2.566872090101242e-05 0.8082510671231785
2 8 2 2.0848499983549118e-05 2.567752916365862e-05 0.811935597489496
2 8 4 2.085309587419033e-05 2.514124158769846e-05 0.8294377905502365
2 8 10 2.140581663697958e-05 2.502927891910076e-05 0.8552310558433234
2 8 20 2.2220479138195513e-05 2.5435725226998328e-05 0.8735932999704665
2 8 40 2.3614024929702282e-05 2.576933316886425e-05 0.9163615051643589
2 8 80 2.6289141550660135e-05 2.5701787695288658e-05 1.0228526459845881
2 8 160 3.122891262173652e-05 2.658969610929489e-05 1.174474220892653
2 8 320 4.627477508038282e-05 2.948016244918108e-05 1.569691997462798
2 16 1 2.079979181289673e-05 2.5669899955391884e-05 0.810279426450503
2 16 2 2.093119602650404e-05 2.5377058237791062e-05 0.8248078177687939
2 16 4 2.1088766306638718e-05 2.5158300064504147e-05 0.8382428960847345
2 16 10 2.2227245941758156e-05 2.5378566794097425e-05 0.875827469773738
2 16 20 2.354379165917635e-05 2.568722479045391e-05 0.9165564536938953
2 16 40 2.64293959364295e-05 2.571096234023571e-05 1.0279426956753577
2 16 80 3.276552483439445e-05 2.6211791671812534e-05 1.250029957686167
2 16 160 4.715979993343353e-05 2.8563391603529454e-05 1.6510574300149357
2 16 320 8.543611653149128e-05 3.614860400557518e-05 2.3634693200964145
4 1 1 2.0763158425688744e-05 2.6320166885852812e-05 0.7888687984288207
4 1 2 2.068695444613695e-05 2.5994000025093557e-05 0.7958357477174195
4 1 4 2.0854216627776624e-05 2.6222262531518935e-05 0.7952866997159392
4 1 10 2.087752502411604e-05 2.6018137484788894e-05 0.8024219656891953
4 1 20 2.107501681894064e-05 2.5558487698435783e-05 0.8245799621481698
4 1 40 2.162042073905468e-05 2.5496770814061164e-05 0.8479670189109312
4 1 80 2.2626933455467223e-05 2.5697504170238972e-05 0.8805109362204961
4 1 160 2.339821681380272e-05 2.6875549927353857e-05 0.8706135084509687
4 1 320 2.5191258266568183e-05 2.792322505265474e-05 0.9021614881184069
4 2 1 2.0699337497353553e-05 2.6155566796660424e-05 0.791393192060226
4 2 2 2.0746704004704953e-05 2.598973326385021e-05 0.7982653686393187
4 2 4 2.0831912755966188e-05 2.595607917755842e-05 0.8025831872934577
4 2 10 2.1006329357624055e-05 2.545385826379061e-05 0.8252709329927641
4 2 20 2.1344316564500332e-05 2.5166433304548264e-05 0.8481264033804436
4 2 40 2.2328308038413523e-05 2.5402970798313616e-05 0.8789644414304406
4 2 80 2.3688650131225586e-05 2.592751644551754e-05 0.9136490253898183
4 2 160 2.482415847480297e-05 2.6791541650891302e-05 0.9265670038057373
4 2 320 2.9011370800435543e-05 2.7851762622594833e-05 1.0416350014738376
4 4 1 2.0758370868861676e-05 2.5856683403253554e-05 0.8028241884359246
4 4 2 2.07763085141778e-05 2.5935733318328856e-05 0.8010688673874945
4 4 4 2.103015836328268e-05 2.593934591859579e-05 0.8107435873395042
4 4 10 2.1356079168617727e-05 2.5191800110042094e-05 0.8477393070495446
4 4 20 2.1934599988162516e-05 2.5159883685410024e-05 0.8718084814073358
4 4 40 2.372664585709572e-05 2.570463325828314e-05 0.9230493825252291
4 4 80 2.608744986355305e-05 2.61956375092268e-05 0.9958700128738747
4 4 160 2.9440641589462757e-05 2.6835841685533522e-05 1.097064214882942
4 4 320 4.577017929404974e-05 2.8412816859781742e-05 1.6108990361612927
4 8 1 2.0869237557053567e-05 2.5949258357286453e-05 0.8042325244795894
4 8 2 2.0917095988988876e-05 2.5416879169642925e-05 0.8229608304536286
4 8 4 2.1172612346708774e-05 2.5199600122869015e-05 0.8401963619848996
4 8 10 2.2010499984025957e-05 2.5240820832550526e-05 0.8720199762933719
4 8 20 2.3424700088799e-05 2.5550870969891547e-05 0.9167867551913214
4 8 40 2.6360141672194004e-05 2.5820850022137164e-05 1.02088589839585
4 8 80 3.093218728899956e-05 2.6197487488389015e-05 1.1807310644850582
4 8 160 4.843355007469654e-05 2.731739990413189e-05 1.7729926802942446
4 8 320 8.414686229079961e-05 3.200259990990162e-05 2.6293758172055433
4 16 1 2.0833483338356018e-05 2.5638587400317193e-05 0.8125831198523158
4 16 2 2.111409567296505e-05 2.536591663956642e-05 0.8323805511538553
4 16 4 2.153552919626236e-05 2.5140374712646006e-05 0.856611305217724
4 16 10 2.3431904055178165e-05 2.5330187380313875e-05 0.9250584570641187
4 16 20 2.6178054325282573e-05 2.5776908174157142e-05 1.0155622291244224
4 16 40 3.163178749382496e-05 2.5684191659092903e-05 1.2315664013753942
4 16 80 6.09747625887394e-05 2.6566866412758828e-05 2.295143192328323
4 16 160 9.220362529158592e-05 2.924552485346794e-05 3.152743052264025
4 16 320 0.0001597792126238346 3.9029858261346814e-05 4.093768713018151
8 1 1 2.0937570743262767e-05 2.6171354204416276e-05 0.8000186226408439
8 1 2 2.0703424885869026e-05 2.6285862550139427e-05 0.7876258519718696
8 1 4 2.093646675348282e-05 2.6181295700371265e-05 0.7996726744576637
8 1 10 2.1037754230201245e-05 2.6020079292356967e-05 0.8085199892677034
8 1 20 2.158695850521326e-05 2.5694475136697292e-05 0.840140084215318
8 1 40 2.2612041607499123e-05 2.5757333636283874e-05 0.8778875145541448
8 1 80 2.3420608416199684e-05 2.6287870854139327e-05 0.8909283123822042
8 1 160 2.58734667673707e-05 2.7971200086176394e-05 0.9250038141966453
8 1 320 2.9446895979344844e-05 3.0285366624593733e-05 0.9723143306917079
8 2 1 2.0778358168900012e-05 2.6284291595220566e-05 0.7905238036804564
8 2 2 2.0785416662693024e-05 2.6016158424317836e-05 0.7989425772893691
8 2 4 2.094817105680704e-05 2.615512479096651e-05 0.800920325336859
8 2 10 2.143596224486828e-05 2.5387075170874597e-05 0.8443651779729535
8 2 20 2.2218100167810918e-05 2.5536954402923585e-05 0.870037194618137
8 2 40 2.384052090346813e-05 2.5800745747983457e-05 0.9240244889173975
8 2 80 2.6156425103545188e-05 2.68111540004611e-05 0.9755799807458996
8 2 160 3.076116666197777e-05 2.8105837292969227e-05 1.0944760812969192
8 2 320 4.73644208163023e-05 2.9964437335729598e-05 1.5806878095396424
8 4 1 2.078571245074272e-05 2.6031650044023992e-05 0.7984784835225778
8 4 2 2.081364579498768e-05 2.6151345670223237e-05 0.7958919612571511
8 4 4 2.126242108643055e-05 2.541907075792551e-05 0.8364751524129204
8 4 10 2.197333350777626e-05 2.5234458222985268e-05 0.8707670009638427
8 4 20 2.355462908744812e-05 2.529490850865841e-05 0.9312004065713623
8 4 40 2.611774168908596e-05 2.601538747549057e-05 1.0039343720592984
8 4 80 3.198515009135008e-05 2.6631112396717072e-05 1.2010444631405266
8 4 160 4.943220410495997e-05 2.7940337359905243e-05 1.7692056995666716
8 4 320 8.302555419504642e-05 3.0853396095335483e-05 2.69096970519879
8 8 1 2.0999045856297018e-05 2.591235004365444e-05 0.810387549601638
8 8 2 2.1110549941658973e-05 2.5662700086832045e-05 0.8226160875601374
8 8 4 2.157225850969553e-05 2.51716835424304e-05 0.8570049942560443
8 8 10 2.3037979379296303e-05 2.509133368730545e-05 0.9181648001019569
8 8 20 2.5985845737159253e-05 2.5861970707774163e-05 1.004789852667641
8 8 40 3.192600831389427e-05 2.6173900067806245e-05 1.2197650419382127
8 8 80 5.709161255508661e-05 2.6721233315765857e-05 2.136563529101849
8 8 160 9.750691242516041e-05 2.853520829230547e-05 3.4170737927100814
8 8 320 0.00015807123742997648 3.4031183086335657e-05 4.644893979411662
8 16 1 2.099882084876299e-05 2.5560029223561287e-05 0.8215491721506419
8 16 2 2.1292729303240776e-05 2.5240812450647356e-05 0.8435833571076147
8 16 4 2.2376437671482563e-05 2.5425570830702783e-05 0.8800761178766447
8 16 10 2.5626304186880588e-05 2.5611737743020058e-05 1.0005687409424024
8 16 20 3.250187486410141e-05 2.5751462578773498e-05 1.2621370442427673
8 16 40 5.9415833093225955e-05 2.6208629086613657e-05 2.2670332315692634
8 16 80 0.00012559731677174569 2.7360237389802933e-05 4.590505373997792
8 16 160 0.00019337292071431876 3.201012518256903e-05 6.040992330127441
8 16 320 0.0003143095001578331 4.886620007455349e-05 6.432043000648748
16 1 1 2.071751244366169e-05 2.625312078744173e-05 0.7891447501194595
16 1 2 2.0741224847733975e-05 2.6184199936687945e-05 0.7921275004730026
16 1 4 2.100116666406393e-05 2.6206858456134797e-05 0.8013614718153194
16 1 10 2.1572008356451987e-05 2.599612921476364e-05 0.829816169101086
16 1 20 2.2390933521091938e-05 2.5927829183638097e-05 0.8635868958602159
16 1 40 2.3870941624045372e-05 2.649230845272541e-05 0.9010517775996087
16 1 80 2.6320145837962626e-05 2.744686268270016e-05 0.9589491572219762
16 1 160 3.1725337728857994e-05 3.0345108546316624e-05 1.0454844041976217
16 1 320 5.0268258340656756e-05 3.497778307646513e-05 1.4371482100728064
16 2 1 2.0634187385439874e-05 2.608020845800638e-05 0.7911818426859764
16 2 2 2.0894575119018554e-05 2.6142908446490764e-05 0.7992444743393994
16 2 4 2.1092391945421696e-05 2.6050937734544278e-05 0.8096596045927587
16 2 10 2.2154937498271466e-05 2.583996243774891e-05 0.8573904684128298
16 2 20 2.3598929308354855e-05 2.586243748664856e-05 0.9124789309026948
16 2 40 2.6272170804440977e-05 2.6353204250335693e-05 0.9969251008292973
16 2 80 3.214748315513134e-05 2.7867520786821842e-05 1.1535824589869303
16 2 160 5.441775415092707e-05 3.0257646180689335e-05 1.7984794265211848
16 2 320 8.61099623143673e-05 3.478542920202017e-05 2.4754606825252696
16 4 1 2.0840408466756343e-05 2.6117258332669734e-05 0.7979554439176088
16 4 2 2.0979495905339718e-05 2.5960458256304264e-05 0.8081327262489689
16 4 4 2.1519425138831137e-05 2.556451242417097e-05 0.8417694334152351
16 4 10 2.3301141895353793e-05 2.5393795780837536e-05 0.9175919227064555
16 4 20 2.6251816749572752e-05 2.574190814048052e-05 1.019808500842654
16 4 40 3.3070958405733106e-05 2.6539270766079426e-05 1.246114058567201
16 4 80 6.419878341257572e-05 2.7935566753149033e-05 2.2981020567745927
16 4 160 9.539594985544681e-05 3.0373279191553593e-05 3.1407853348273034
16 4 320 0.0001595160959288478 3.568331673741341e-05 4.470327046745563
16 8 1 2.0927070826292037e-05 2.579171247780323e-05 0.8113874115300493
16 8 2 2.13857039809227e-05 2.5312970951199532e-05 0.844851598895754
16 8 4 2.241095006465912e-05 2.517963740974665e-05 0.8900426046637268
16 8 10 2.567373774945736e-05 2.5366916693747045e-05 1.0120953231886454
16 8 20 3.850774560123682e-05 2.5990725308656692e-05 1.481595651676989
16 8 40 5.9609637595713136e-05 2.6722658425569535e-05 2.2306776760906297
16 8 80 0.0001250953959301114 2.780046258121729e-05 4.499759511722265
16 8 160 0.0001871581790968776 3.1210004538297656e-05 5.996736683175314
16 8 320 0.0003103992529213428 4.620524998754263e-05 6.717835159533373
16 16 1 2.1308524906635285e-05 2.5535529106855394e-05 0.8344657679685475
16 16 2 2.2020037658512592e-05 2.5526004284620286e-05 0.8626511777160486
16 16 4 2.407302912324667e-05 2.5170712359249593e-05 0.95639045807142
16 16 10 3.684294167906046e-05 2.562804576009512e-05 1.4376024619258254
16 16 20 7.107915002852678e-05 2.6170012541115284e-05 2.716053342231131
16 16 40 0.0001284341247752309 2.679071221500635e-05 4.793979486043329
16 16 80 0.00024154158309102057 2.876672074198723e-05 8.396563002694712
16 16 160 0.00038514762558043003 3.5662608407437804e-05 10.799760387131512
16 16 320 0.0006306964177638292 6.37717667967081e-05 9.889900334333936
32 1 1 2.0767941512167454e-05 2.6489362679421902e-05 0.7840106145060599
32 1 2 2.0880845561623574e-05 2.6403000019490717e-05 0.7908512497144005
32 1 4 2.1270891651511192e-05 2.6207333244383336e-05 0.8116389200366235
32 1 10 2.2269883193075656e-05 2.6423454098403452e-05 0.8428074206400304
32 1 20 2.3784746043384074e-05 2.6535178907215596e-05 0.89634767968029
32 1 40 2.681330442428589e-05 2.71808709949255e-05 0.9864770127966748
32 1 80 3.371256645768881e-05 2.9901883378624916e-05 1.1274395672945445
32 1 160 5.778551250696182e-05 3.482879586517811e-05 1.6591303566924598
32 1 320 8.780081681907176e-05 4.416272472590208e-05 1.9881204650304403
32 2 1 2.0804954320192338e-05 2.619529161602259e-05 0.7942249555819718
32 2 2 2.0977974869310856e-05 2.6370387710630894e-05 0.795512568852139
32 2 4 2.178164999932051e-05 2.6275079138576983e-05 0.8289851339530606
32 2 10 2.3672924749553205e-05 2.6134595833718777e-05 0.905807952806007
32 2 20 2.615430410951376e-05 2.6205654069781305e-05 0.9980405007205388
32 2 40 3.377179559320212e-05 2.7279583364725112e-05 1.2379879539095895
32 2 80 5.969372913241386e-05 3.008129168301821e-05 1.9844137599354739
32 2 160 9.97805330902338e-05 3.489932082593441e-05 2.859096702423069
32 2 320 0.00016129474993795156 4.4877995550632476e-05 3.594072060459447
32 4 1 2.101761680096388e-05 2.615582924336195e-05 0.8035538313623878
32 4 2 2.128068748861551e-05 2.610203307121992e-05 0.8152885037939661
32 4 4 2.2575683146715164e-05 2.5808829069137572e-05 0.8747271364477115
32 4 10 2.5889750011265278e-05 2.5895583257079124e-05 0.999774739740135
32 4 20 3.834812920540571e-05 2.6319875195622446e-05 1.4570026993054974
32 4 40 6.367292925715447e-05 2.7668654173612595e-05 2.301265860552007
32 4 80 0.00011549650002270937 3.0151691660284995e-05 3.830514762620709
32 4 160 0.00018661415837705134 3.508865013718605e-05 5.318362423388937
32 4 320 0.00031855545565485954 4.9165474995970726e-05 6.479251053324843
32 8 1 2.127614188939333e-05 2.575420401990414e-05 0.8261230621979255
32 8 2 2.2031012549996378e-05 2.567503359168768e-05 0.8580714206788396
32 8 4 2.4139020778238773e-05 2.5305337458848953e-05 0.9539102498630251
32 8 10 3.629343342036009e-05 2.5882425159215926e-05 1.4022423786449982
32 8 20 6.244902927428484e-05 2.6522020809352398e-05 2.3546105224479574
32 8 40 0.00013054904993623496 2.7999912574887274e-05 4.662480626933191
32 8 80 0.00024725262634456155 3.0043512769043446e-05 8.229817473252606
32 8 160 0.00039032170921564103 3.6094404198229314e-05 10.813911959095007
32 8 320 0.0006323080006986856 7.004799582064151e-05 9.026782184000176
32 16 1 2.1918270736932753e-05 2.582264579832554e-05 0.8488003478851124
32 16 2 2.3253449983894824e-05 2.568908352404833e-05 0.9051879940413821
32 16 4 2.745757084339857e-05 2.53927456215024e-05 1.08131555573682
32 16 10 6.335485819727182e-05 2.6103420741856097e-05 2.4270711039677684
32 16 20 0.0001298574747517705 2.6706945709884167e-05 4.86231095694745
32 16 40 0.00026346408389508726 2.790340408682823e-05 9.442005107163794
32 16 80 0.0004809218347072601 3.1468466483056546e-05 15.282658751935088
32 16 160 0.0007732100412249565 4.5643441937863824e-05 16.94022204279767
32 16 320 0.0012518367487937211 0.00011960658337920904 10.46628633162115
64 1 1 2.0890224911272527e-05 2.6497587375342847e-05 0.7883821502448101
64 1 2 2.130998745560646e-05 2.6600787602365016e-05 0.8011036279885125
64 1 4 2.197637464851141e-05 2.6964333280920983e-05 0.8150164300209537
64 1 10 2.3753579147160053e-05 2.6747195795178414e-05 0.8880773644107393
64 1 20 2.6607925072312356e-05 2.7711720764636993e-05 0.9601686339978861
64 1 40 3.50957415997982e-05 2.9734783433377742e-05 1.180292490726625
64 1 80 5.739378724247217e-05 3.435762915760279e-05 1.6704815975281533
64 1 160 9.969790428876876e-05 4.4192608445882795e-05 2.2559859622419984
64 1 320 0.0001685890708118677 6.28795251250267e-05 2.681144147902725
64 2 1 2.1107991598546505e-05 2.646507490426302e-05 0.7975791368399417
64 2 2 2.1636354364454746e-05 2.665470838546753e-05 0.8117272960394175
64 2 4 2.2876479104161264e-05 2.6601874828338624e-05 0.8599573996864031
64 2 10 2.6078962348401546e-05 2.674806248396635e-05 0.9749850989780705
64 2 20 3.996470831334591e-05 2.7152583561837674e-05 1.4718565628323994
64 2 40 6.829875819385052e-05 2.979032080620527e-05 2.292649301702854
64 2 80 0.00011709717493504286 3.469362519681454e-05 3.375178415941219
64 2 160 0.00019014899991452695 4.450097475200892e-05 4.272917637741025
64 2 320 0.000320547416806221 6.417775843292475e-05 4.994680784017106
64 4 1 2.142483741044998e-05 2.628212496638298e-05 0.8151866501606749
64 4 2 2.2458245791494848e-05 2.639206238090992e-05 0.8509469804731703
64 4 4 2.4442637525498868e-05 2.6400691457092763e-05 0.9258332330129995
64 4 10 3.553098738193512e-05 2.6352379098534585e-05 1.3483028325101372
64 4 20 6.97034876793623e-05 2.749946229159832e-05 2.5347218407487997
64 4 40 0.00012913964558392764 3.0005620792508126e-05 4.303848484820269
64 4 80 0.00024341029115021229 3.4714908339083197e-05 7.011693327047414
64 4 160 0.00038499983586370943 4.589888732880354e-05 8.387999323506593
64 4 320 0.0006229808311909437 8.475099168717861e-05 7.350720254583052
64 8 1 2.18640748411417e-05 2.612647917121649e-05 0.836855004375382
64 8 2 2.3811362497508525e-05 2.6126299984753133e-05 0.9113943616740385
64 8 4 2.7858799882233142e-05 2.5927720963954926e-05 1.0744793158242805
64 8 10 5.8516666665673254e-05 2.6196641474962234e-05 2.2337468992581084
64 8 20 0.00012797997910529374 2.7641208469867706e-05 4.630042830609506
64 8 40 0.00025917333364486696 3.0190708488225936e-05 8.584539635628024
64 8 80 0.0004718577489256859 3.533360846340656e-05 13.354360605834184
64 8 160 0.0007822509184479714 4.991425834596157e-05 15.671893049599149
64 8 320 0.0012572760842740535 0.00013556449599564076 9.274375824142648
64 16 1 2.310039158910513e-05 2.5967466831207277e-05 0.8895897216028579
64 16 2 2.6166724972426892e-05 2.5562270916998386e-05 1.0236463363286927
64 16 4 4.4553987681865695e-05 2.5535666570067404e-05 1.7447748058431862
64 16 10 0.00012371012084186076 2.665245421230793e-05 4.641603353162585
64 16 20 0.00026371337659657 2.786181252449751e-05 9.465047414438667
64 16 40 0.0005244927499443293 3.06316040456295e-05 17.12260151845243
64 16 80 0.0009681012090295553 3.7118425220251086e-05 26.0814192219927
64 16 160 0.0015275197923183441 7.322704996913672e-05 20.860048205712967
64 16 320 0.002492967527359724 0.00023185325041413308 10.752350993168394
128 1 1 2.1422216854989528e-05 2.6856708340346812e-05 0.7976486389736358
128 1 2 2.192586660385132e-05 2.7237508445978164e-05 0.8049879689744107
128 1 4 2.3224133253097535e-05 2.7540646120905877e-05 0.8432675526616744
128 1 10 2.6687799952924252e-05 2.823069170117378e-05 0.9453470086889377
128 1 20 4.189870823174715e-05 2.9627154394984244e-05 1.4141995438765604
128 1 40 6.488447915762663e-05 3.447381258010864e-05 1.8821381884249413
128 1 80 0.00012435738760977985 4.3241045624017715e-05 2.8759107421007193
128 1 160 0.00020375874638557434 6.231383737176657e-05 3.2698796122912865
128 1 320 0.00033194304071366786 0.00010145278312265872 3.2718968420249364
128 2 1 2.1716858446598054e-05 2.6843791641294957e-05 0.8090086056691812
128 2 2 2.2529587335884572e-05 2.6858320645987988e-05 0.8388308276172871
128 2 4 2.4808641709387302e-05 2.7112341672182084e-05 0.9150313170788035
128 2 10 3.226039167493582e-05 2.7757591754198074e-05 1.1622186809508335
128 2 20 6.341522075235844e-05 2.9488341696560382e-05 2.1505183779037464
128 2 40 0.00013343850392848254 3.439238332211971e-05 3.8798853420158466
128 2 80 0.00024469720758497714 4.401742909103632e-05 5.559098126310315
128 2 160 0.0003883454147726297 6.423879582434893e-05 6.045340822304644
128 2 320 0.0006460828315466643 0.00011617910005152226 5.561093443314195
128 4 1 2.2264887392520904e-05 2.6711670868098736e-05 0.8335265698077859
128 4 2 2.4152695946395397e-05 2.6933095790445804e-05 0.8967664220376508
128 4 4 2.7905750088393688e-05 2.6629499904811382e-05 1.0479261791676273
128 4 10 6.210564598441124e-05 2.763640843331814e-05 2.247240126525898
128 4 20 0.00013256707079708577 2.9243062622845173e-05 4.533282731252716
128 4 40 0.00026301766559481623 3.460506666451692e-05 7.600553645645979
128 4 80 0.0004813535828143358 4.421427473425865e-05 10.886836563698454
128 4 160 0.0007576676253229379 6.732960399240255e-05 11.253112752726613
128 4 320 0.0012786516658961774 0.00015949525833129882 8.016863192510714
128 8 1 2.360960002988577e-05 2.6371079310774804e-05 0.8952837975137128
128 8 2 2.6609045639634134e-05 2.6375758461654187e-05 1.0088447571401258
128 8 4 3.43190124258399e-05 2.6390054263174533e-05 1.3004525145569583
128 8 10 0.00012135741245001554 2.729979157447815e-05 4.445360402072423
128 8 20 0.0002566435430198908 2.9340908117592335e-05 8.746952956988114
128 8 40 0.0005261987522244453 3.452907912433148e-05 15.239292954489795
128 8 80 0.0009599307924509048 4.543604180216789e-05 21.12707785221519
128 8 160 0.0015267184153199196 9.125658757984639e-05 16.72995293610002
128 8 320 0.0025036712549626828 0.0002601227927953005 9.62495915124557
128 16 1 2.5925329141318797e-05 2.623001243919134e-05 0.9883841725741119
128 16 2 3.257702086120844e-05 2.614341229200363e-05 1.2460890911004998
128 16 4 7.674601655453444e-05 2.629185002297163e-05 2.919004044503531
128 16 10 0.00026509550027549266 2.768751233816147e-05 9.574551048059082
128 16 20 0.0005282005816698074 3.0199429206550123e-05 17.490416062408325
128 16 40 0.0010382319148629904 3.579063322395086e-05 29.00848130756771
128 16 80 0.001903003292158246 5.3022404201328754e-05 35.89055081192558
128 16 160 0.0030528595857322216 0.00015081768333911896 20.242053306625575
128 16 320 0.004971649572253227 0.0004477104600518942 11.104608928897848
2 1 640 0.00015269430428743361 0.000125258918851614 1.219029396767511
2 1 1280 0.00014829441532492637 0.00016364604234695435 0.9061900501725535
2 1 2560 0.00020386316440999507 0.0002562357932329178 0.7956076777481431
2 1 5120 0.0003423836249858141 0.0004926865398883819 0.6949319643751198
2 2 640 0.00014920295961201192 0.00015978995710611344 0.9337442872766347
2 2 1280 0.00020512433350086212 0.00019768979027867317 1.0376071177561008
2 2 2560 0.0002881000842899084 0.00035212162509560586 0.8181834450289307
2 2 5120 0.0005218910835683346 0.0005656914990395307 0.9225719043938906
2 4 640 0.00020940287411212922 0.00017300271056592466 1.2104022730460855
2 4 1280 0.00027852049842476845 0.00026036808267235754 1.0697182833091474
2 4 2560 0.0005404740422964096 0.00044854024983942507 1.2049621912189517
2 4 5120 0.0008408736661076546 0.0006828126236796379 1.231485237598911
2 8 640 0.0002971549592912197 0.00025781908445060255 1.1525716179019083
2 8 1280 0.0005147071685642003 0.0003363030832260847 1.5304860235794535
2 8 2560 0.0008147912491112948 0.0004953310824930667 1.6449427017790663
2 8 5120 0.0015931125171482563 0.0008250324595719576 1.9309695014603343
2 16 640 0.0004506552089005709 0.00029966729134321213 1.503851844759496
2 16 1280 0.0009670439586043358 0.00041120745800435544 2.351717946210239
2 16 2560 0.001551083754748106 0.0006231493353843689 2.489104403507663
2 16 5120 0.0032263587601482867 0.0011898607518523931 2.7115431407628523
4 1 640 0.00019722712598741054 0.00016667067483067512 1.1833342979368056
4 1 1280 0.00019167204201221466 0.00020086324959993362 0.9542414672369116
4 1 2560 0.0003020996656268835 0.000365936417132616 0.8255523404695795
4 1 5120 0.0005245692078024149 0.0007660080827772617 0.684808972120139
4 2 640 0.00019122849963605404 0.0001615743339061737 1.1835326503471804
4 2 1280 0.0002874114587903023 0.0002581308726221323 1.1134331041875518
4 2 2560 0.0005246746689081193 0.00047787791676819324 1.0979261658634583
4 2 5120 0.0008391626663506031 0.0009590519610792399 0.8749918673919158
4 4 640 0.00033552625216543675 0.00018278608284890652 1.8356225317372075
4 4 1280 0.00043937170878052714 0.0003543701246380806 1.2398666767670072
4 4 2560 0.0009196444153785706 0.0006007044594734907 1.530943213214409
4 4 5120 0.0015900024995207786 0.0010103563331067562 1.5737046895441946
4 8 640 0.0004798337072134018 0.0002875908762216568 1.6684594223482125
4 8 1280 0.0009032499603927136 0.00010335558466613293 8.739246779073044
4 8 2560 0.0016077101677656174 0.0007287281658500433 2.2061863985870005
4 8 5120 0.002962697073817253 0.0015055869165807962 1.967802085146681
4 16 640 0.0008875015415251255 0.0003348570428788662 2.650389353901621
4 16 1280 0.0018363837078213693 0.0005316519159823656 3.4541090751608996
4 16 2560 0.0033466612547636033 0.001692204177379608 1.977693531017005
4 16 5120 0.007826865818351507 0.0024779495783150197 3.158605762944416
8 1 640 0.0002440451644361019 0.00019635402504354716 1.2428834315058113
8 1 1280 0.0003106819577515125 0.0002759596649557352 1.1258237967543079
8 1 2560 0.0005659224167466163 0.0004936205428093672 1.146472578968764
8 1 5120 0.0008668575454503298 0.0013589510004967452 0.6378872712360213
8 2 640 0.0002890831679105759 0.0001938443351536989 1.4913160484228865
8 2 1280 0.0004996567070484161 0.0003424340393394232 1.459132707753836
8 2 2560 0.0008690580818802118 0.0007586428746581078 1.1455430623689231
8 2 5120 0.0018013081662356853 0.0014711597077548505 1.224413744300187
8 4 640 0.00046488629281520846 0.0002577209156006575 1.8038361059354489
8 4 1280 0.0008273907899856568 0.0005149077922105789 1.6068717593756736
8 4 2560 0.0013951599970459937 0.0009001856241375208 1.5498581177440087
8 4 5120 0.0032154308259487153 0.001916807498782873 1.677492824913528
8 8 640 0.0009413484167307615 0.000347520126029849 2.7087594249143074
8 8 1280 0.0016330526266247034 0.0005794005002826453 2.8185212574515583
8 8 2560 0.0011580075137317182 0.0007673001680523157 1.5091975239249047
8 8 5120 0.005881482921540737 0.0023683470860123633 2.4833703456208847
8 16 640 0.001543276235461235 0.0004296952914446592 3.5915595683458745
8 16 1280 0.0033271991461515426 0.0008633900433778763 3.8536454892789878
8 16 2560 0.0057101062498986725 0.0004715752080082893 12.108580249618
8 16 5120 0.004451951645314693 0.00106702845916152 4.172289508391439
16 1 640 8.715797513723373e-05 4.484853353351355e-05 1.9433851738341454
16 1 1280 0.00016240765396505595 8.022737093269826e-05 2.024342217337493
16 1 2560 0.0003145571257919073 0.0002581157889217138 1.2186667352120488
16 1 5120 0.0006063330825418233 0.0008141894154250622 0.7447076454872313
16 2 640 0.00015830285828560592 4.730300810188055e-05 3.3465706439779783
16 2 1280 0.0003119971249252558 0.00012603852078318595 2.4754108742831065
16 2 2560 0.0006019353754818439 0.00043283662386238577 1.3906757014009532
16 2 5120 0.0011469055004417897 0.0008895587082952261 1.2892971422198203
16 4 640 0.0003078697919845581 6.748452503234148e-05 4.562079852188538
16 4 1280 0.0005978353321552277 0.00022543049976229667 2.6519718174142817
16 4 2560 0.0011651956234127283 0.0005366906244307757 2.1710750484015944
16 4 5120 0.0022589379362761976 0.0012113772928714751 1.8647682679618023
16 8 640 0.0005905150417238474 0.00011017651241272688 5.3597180450924755
16 8 1280 0.0011754812076687812 0.00031414425000548363 3.741851737373077
16 8 2560 0.002294457070529461 0.000694967582821846 3.3015310746050175
16 8 5120 0.004451090842485428 0.0015333911646157503 2.9027758508057
16 16 640 0.00117927516810596 0.0001791404040530324 6.582965882765618
16 16 1280 0.0023208999820053576 0.00039608641900122166 5.859579805482296
16 16 2560 0.004544485844671726 0.0008551975823938847 5.313960116620907
16 16 5120 0.008853316642343997 0.0020177337527275086 4.387752660813828
32 1 640 0.00016105744559317828 6.556289158761501e-05 2.4565335922981535
32 1 1280 0.00032021287642419337 0.00015581298749893903 2.055110306041554
32 1 2560 0.0006183820422738791 0.0004924576263874769 1.2557060935580313
32 1 5120 0.0011926840841770172 0.0016133467070758342 0.7392608662143915
32 2 640 0.0003117316663265228 7.98341291025281e-05 3.9047418670550917
32 2 1280 0.0006048782505095005 0.000252727460116148 2.3934013748704306
32 2 2560 0.0011818506252020597 0.0008470362089574337 1.3952775722028803
32 2 5120 0.0022803687676787375 0.001739602917805314 1.3108559110464442
32 4 640 0.0005995344575494527 0.00012345313746482133 4.856372789393817
32 4 1280 0.0011764399576932193 0.0004342574588954449 2.7090840550800253
32 4 2560 0.0023139320872724058 0.0010274100005626678 2.2521993031070027
32 4 5120 0.004476922936737538 0.0023612616769969463 1.8959876325233425
32 8 640 0.0011796616651117801 0.00023057095892727375 5.116262995999712
32 8 1280 0.0023360537737607957 0.0005927590392529965 3.9409838046581704
32 8 2560 0.004585547521710396 0.001335349580273032 3.4339678459125382
32 8 5120 0.008870017528533936 0.002993789575994015 2.9628059365491186
32 16 640 0.0023570024967193605 0.00032726925052702424 7.202028583265054
32 16 1280 0.004644266255199909 0.0007226110007613897 6.427062763099938
32 16 2560 0.009078764989972114 0.001615303372964263 5.620470520848081
32 16 5120 0.017592309154570104 0.003954932074993849 4.448195018519367
64 1 640 0.00032005324959754944 0.00011309187076985836 2.8300287847289827
64 1 1280 0.0006246495395898819 0.00030776262655854224 2.0296471555848963
64 1 2560 0.0012177491672337056 0.000953354500234127 1.277330905696305
64 1 5120 0.0023707478865981103 0.0031850712560117247 0.7443311926298026
64 2 640 0.0006080400813370943 0.00015324379596859215 3.967795743337722
64 2 1280 0.0011988998334854842 0.0004806911237537861 2.4941168543390257
64 2 2560 0.002347580809146166 0.0016657343339174986 1.4093368680377085
64 2 5120 0.0045604116655886175 0.0033879449963569643 1.3460701606703767
64 4 640 0.0011847405433654786 0.000254918709397316 4.64752291491851
64 4 1280 0.0023508004285395147 0.0008419499155133963 2.7920905807159158
64 4 2560 0.004612254984676838 0.0020284687355160715 2.273761928848962
64 4 5120 0.008919908739626408 0.0046729912608861925 1.9088220460174419
64 8 640 0.0023544883355498315 0.00043164204247295857 5.454724294372541
64 8 1280 0.004671572931110859 0.0011224799156188965 4.161832088135952
64 8 2560 0.00910087624564767 0.0026071212440729142 3.4907759914648384
64 8 5120 0.01777955373749137 0.0058913504146039485 3.0179080323278678
64 16 640 0.004710572902113199 0.0006165722906589508 7.639936100726902
64 16 1280 0.009315059166401624 0.0013938152510672808 6.683137639130322
64 16 2560 0.018204692509025334 0.0031456725113093854 5.787217977578866
64 16 5120 0.03531859163194895 0.007799099162220955 4.528547579319564
128 1 640 0.0006255336683243513 0.00021951045840978622 2.849675923670996
128 1 1280 0.0012387990411370992 0.0005990915391594171 2.0677959212631394
128 1 2560 0.002424928732216358 0.001894877750426531 1.2797283263632782
128 1 5120 0.004724917523562908 0.006368997506797314 0.7418620463456358
128 2 640 0.001200188085436821 0.0003110105413943529 3.858994875402037
128 2 1280 0.00239204540848732 0.0009367857500910759 2.553460498576928
128 2 2560 0.004690702091902494 0.003294364996254444 1.4238562203142722
128 2 5120 0.009112482499331236 0.006785004176199436 1.3430327031037317
128 4 640 0.0023695529252290726 0.0004775860849767923 4.961520027000406
128 4 1280 0.0046888008154928685 0.0016349887512624264 2.8677878131409145
128 4 2560 0.00922860873863101 0.004031557105481625 2.2890928981467384
128 4 5120 0.017881233338266612 0.009274476673454046 1.9280045621816413
128 8 640 0.00472376124933362 0.0008287310842424631 5.699992843458472
128 8 1280 0.009338012505322695 0.0022093916684389116 4.226508427055239
128 8 2560 0.01832045916467905 0.005157900415360928 3.551921845974039
128 8 5120 0.0353737372905016 0.011675989162176848 3.0296137482802004
128 16 640 0.009430822487920522 0.0011959412079304457 7.885690722406319
128 16 1280 0.018484800830483438 0.0027188958413898946 6.798642503728293
128 16 2560 0.036233216896653174 0.006265264581888914 5.783190226537763
128 16 5120 0.0702971750870347 0.015684874169528483 4.4818450136886225
