M N colnnz rac rar ratio
1 1 1 2.0367808267474174e-05 0.00042210366763174536 0.048253094747434416
1 1 8 2.044442892074585e-05 0.00042153945937752725 0.04849944285390372
1 1 64 2.0645433478057383e-05 0.00042223112657666204 0.04889604810863917
1 1 512 2.1673908084630966e-05 0.00042697300016880034 0.050761776683917625
1 1 4096 2.824491262435913e-05 0.00044237625040113924 0.06384816680087849
1 1 32768 7.51012833788991e-05 0.0005824378747493028 0.12894299398236206
1 2 1 2.0458608493208884e-05 0.00041744770854711534 0.04900879337537391
1 2 8 2.030083741992712e-05 0.0004201231673359871 0.04832115674233179
1 2 64 2.0721146091818808e-05 0.00041734050028026105 0.04965045586973639
1 2 512 2.216699607670307e-05 0.0004216234181076288 0.05257534359973442
1 2 4096 3.294696658849716e-05 0.0004506268724799156 0.0731136303682502
1 2 32768 0.00011174409594386816 0.0006806110851466656 0.16418200993565704
1 8 1 2.0410883240401745e-05 0.00043084058351814747 0.04737456038549353
1 8 8 2.0628375187516214e-05 0.00042534654028713703 0.04849780880688649
1 8 64 2.1437299996614456e-05 0.00042093528993427754 0.050927780372041404
1 8 512 2.6139270700514316e-05 0.0004266237486153841 0.061270078811481644
1 8 4096 6.073747910559177e-05 0.00047907604463398454 0.12678045539095026
1 8 32768 0.00033213050104677675 0.0009118689578026533 0.36423051602405404
1 32 1 2.0413591526448726e-05 0.0004235168341547251 0.04820018917829119
1 32 8 2.0874612405896187e-05 0.0004291108325123787 0.04864620238943516
1 32 64 2.3522083275020122e-05 0.00043129812367260454 0.054537875274587505
1 32 512 4.1307337395846846e-05 0.00045277891494333744 0.0912307000890627
1 32 4096 0.00017109177932143213 0.0006334383748471736 0.2701001172572005
1 32 32768 0.0012414484173059463 0.0021723166853189466 0.571485928223984
2 1 1 2.0416354201734067e-05 0.0004232609570026398 0.048235855124257855
2 1 8 2.035113349556923e-05 0.00042265654169023036 0.04815052291438281
2 1 64 2.0808462239801883e-05 0.00042394400015473364 0.049083044534672236
2 1 512 2.221927475184202e-05 0.0004278711657971144 0.05192982497534745
2 1 4096 3.3043558336794376e-05 0.0004599817916750908 0.07183666600467258
2 1 32768 0.00011187339182943106 0.0007169599160552025 0.15603855853611953
2 2 1 2.0591612346470357e-05 0.0004191042482852936 0.04913243526095967
2 2 8 2.0488478988409043e-05 0.000417603874579072 0.049061994477567074
2 2 64 2.0896979235112666e-05 0.0004186232499778271 0.049918343609007626
2 2 512 2.3194896057248117e-05 0.00042738820798695086 0.05427125883163419
2 2 4096 4.0247599966824055e-05 0.0004773945435881615 0.08430678671841887
2 2 32768 0.00016905782092362643 0.0008928728736937046 0.18934142351559538
2 8 1 2.0467920787632464e-05 0.00042576516605913637 0.04807326296108871
2 8 8 2.0545137487351894e-05 0.000424254210665822 0.04842647867915908
2 8 64 2.1739929169416426e-05 0.0004212025851011276 0.051613950005071386
2 8 512 2.921553310006857e-05 0.0004373434167355299 0.06680227021168532
2 8 4096 8.348347898572683e-05 0.0005255974177271128 0.15883540552147646
2 8 32768 0.0005133716259151697 0.0012705490421503782 0.40405494702219347
2 32 1 2.0725412666797637e-05 0.0004239432495087385 0.048887233588019274
2 32 8 2.12376918643713e-05 0.00042147558368742466 0.05038890195860462
2 32 64 2.497272491455078e-05 0.0004254331272095442 0.058699530707326975
2 32 512 5.246294587850571e-05 0.0004648965001106262 0.11284865742379581
2 32 4096 0.00025553474947810173 0.0007767483331263066 0.3289801066577241
2 32 32768 0.0019164904579520225 0.0033243495598435403 0.5765008833915233
8 1 1 2.046939581632614e-05 0.0004193362481892109 0.04881380015373733
8 1 8 2.047417927533388e-05 0.0004204157516360283 0.04869983866127652
8 1 64 2.1466354094445704e-05 0.00042357566580176353 0.05067891247674297
8 1 512 2.6211016811430456e-05 0.0004398442916572094 0.059591581176772185
8 1 4096 6.061300840228796e-05 0.0005615948736667633 0.10793013121101643
8 1 32768 0.00033205558359622955 0.0015348194148391485 0.21634830807181932
8 2 1 2.064812909811735e-05 0.00041772937588393686 0.04942943994404236
8 2 8 2.058864161372185e-05 0.00041722783446311953 0.049346280168999036
8 2 64 2.1724229119718075e-05 0.00042021399922668936 0.05169801377321246
8 2 512 2.9243708215653895e-05 0.0004443812929093838 0.06580769416325799
8 2 4096 8.350528758019209e-05 0.000637356873601675 0.13101810153596913
8 2 32768 0.000512883834540844 0.002170229163020849 0.23632704014857844
8 8 1 2.0540250092744826e-05 0.00042414045892655847 0.04842794329201555
8 8 8 2.0938420854508878e-05 0.00042261241748929026 0.04954520971935117
8 8 64 2.456257902085781e-05 0.0004243034608662128 0.057889179057633564
8 8 512 4.7014995850622655e-05 0.0004660730846226215 0.1008747284531365
8 8 4096 0.000219846460968256 0.0007976007517427206 0.27563472136642514
8 8 32768 0.0015996172092854976 0.003416985832154751 0.4681369159428967
8 32 1 2.1195175126194955e-05 0.0004241219162940979 0.04997425106298358
8 32 8 2.2611029259860516e-05 0.00042501387372612955 0.0532006851014718
8 32 64 3.5220437496900556e-05 0.00043854425102472306 0.08031216328706357
8 32 512 0.00011850138753652572 0.0005722715836018324 0.20707194089681563
8 32 4096 0.0007650950010865927 0.0016345770005136728 0.4680691095287394
8 32 32768 0.006071776673197746 0.010337554179131984 0.5873513761557452
32 1 1 2.0528383180499077e-05 0.00042341841757297517 0.04848249941078923
32 1 8 2.088506668806076e-05 0.00041928570717573164 0.04981106279233931
32 1 64 2.360018752515316e-05 0.000430564833804965 0.05481215759446682
32 1 512 4.130474161356687e-05 0.0004927079156041146 0.08383210479361322
32 1 4096 0.0001710602331906557 0.0009671307075768709 0.17687395493753283
32 1 32768 0.0012255426682531833 0.004804562907665968 0.2550789097376073
32 2 1 2.0723245851695536e-05 0.00041739333420991897 0.049649201731796766
32 2 8 2.139537092298269e-05 0.00042050804197788237 0.05087981390878615
32 2 64 2.5307279080152512e-05 0.0004305984172970057 0.05877234579498417
32 2 512 5.2478674985468385e-05 0.000524591252207756 0.10003726666163515
32 2 4096 0.0002554401680827141 0.0012823752518743277 0.19919299573924337
32 2 32768 0.0019107566233724355 0.007298128735274076 0.26181459558765624
32 8 1 2.132690008729696e-05 0.0004257742092013359 0.05008969455266396
32 8 8 2.281281240284443e-05 0.00042715425044298174 0.0534064974869999
32 8 64 3.541917484253645e-05 0.00044598158448934557 0.07941846944889405
32 8 512 0.00011822995841503143 0.0005992232505232096 0.19730535874867902
32 8 4096 0.0007696541231125594 0.0018683914188295603 0.4119340922656899
32 8 32768 0.005986197087913751 0.01222568040713668 0.4896412214750305
32 32 1 2.2973470948636532e-05 0.00043094366788864135 0.05330968444481943
32 32 8 2.821509167551994e-05 0.0004336779173463583 0.06506001469515882
32 32 64 7.470003738999366e-05 0.0004997011255472899 0.14948943192429195
32 32 512 0.0003836257494986057 0.0010164675414562226 0.37741072277528087
32 32 4096 0.0027962279319763183 0.005060643758624792 0.5525439183919519
32 32 32768 0.022815991565585135 0.038734595850110055 0.5890339389076215
128 1 1 2.1246249973773956e-05 0.000419751251116395 0.05061628742562693
128 1 8 2.2517929039895536e-05 0.000422920623794198 0.0532438660424686
128 1 64 3.251367919147015e-05 0.0004578282479196787 0.07101719769194832
128 1 512 9.840413350611925e-05 0.0006927703320980072 0.14204438173342254
128 1 4096 0.00061223379150033 0.002588338740170002 0.2365354201900631
128 1 32768 0.004804589170962572 0.01772489247843623 0.2710645030319786
128 1 262144 0.03803959582000971 0.13839203771203756 0.2748683844020093
128 2 1 2.1717266738414765e-05 0.00043786841817200186 0.049597700672451485
128 2 8 2.3634462431073188e-05 0.0004237591251730919 0.05577334156856038
128 2 64 3.8856862485408785e-05 0.0004686614163219929 0.0829103082356416
128 2 512 0.00014224643744528294 0.0008410071227699518 0.16913820774404176
128 2 4096 0.0009432914592325687 0.003843056242913008 0.24545346193465042
128 2 32768 0.007469263765960932 0.027648120746016504 0.2701544829963567
128 2 262144 0.05976265836507082 0.21797766350209713 0.2741687263039034
128 8 1 2.3172479309141636e-05 0.0004218487497419119 0.05493077631098496
128 8 8 2.9108662344515324e-05 0.00043529649823904036 0.06687088561996767
128 8 64 7.813166230916978e-05 0.0005196692906320095 0.15034881552101703
128 8 512 0.00040049116499722004 0.0011319105010479688 0.3538187556581806
128 8 4096 0.0029482321068644525 0.0061472258530557156 0.4796036744605569
128 8 32768 0.02343671675771475 0.04615228343755007 0.5078127237068913
128 8 262144 0.18906533159315586 0.37254529260098934 0.5074962302520684
128 32 1 2.8966745920479298e-05 0.00043255187571048735 0.06696710278483943
128 32 8 4.9571941792964935e-05 0.00046640595979988576 0.10628496645762003
128 32 64 0.0002322741262614727 0.000718291375786066 0.3233703397973869
128 32 512 0.0014438840821385383 0.0027631520852446556 0.5225496236160644
128 32 4096 0.010951654575765133 0.018757245000451804 0.5838626395028343
128 32 32768 0.08867112081497908 0.15235618744045495 0.5819988167506109
128 32 262144 0.7086535431444645 1.2152579613029957 0.5831301383820177
128 128 1 5.319139994680882e-05 0.0004764509163796902 0.11164088076686554
128 128 8 0.00013167151231318713 0.0006088559571653605 0.21626053053041935
128 128 64 0.0008510257918387652 0.0016014607921242714 0.5314059488836531
128 128 512 0.005603568740189076 0.009555664584040642 0.5864132934874938
128 128 4096 0.04295702483505011 0.07446383740752935 0.5768843821458299
128 128 32768 0.3442808371037245 0.5946668330579996 0.5789474340334461
128 128 262144 2.780300499871373 4.75859329290688 0.5842694108815027
128 512 1 0.00015972398333251477 0.0006759740002453327 0.23628716973514632
128 512 8 0.00047243045642971995 0.0011186982486397028 0.4223037418751469
128 512 64 0.003329531643539667 0.004782691672444344 0.6961627199852518
128 512 512 0.02218708358705044 0.03422617092728615 0.6482490733242443
128 512 4096 0.1733586499467492 0.2765775416046381 0.626799446335964
128 512 32768 1.3691004998981953 2.189216250553727 0.6253838557757386
128 512 262144 11.266321999952197 17.50329808332026 0.6436685215735668
512 1 1 2.3146241530776023e-05 0.0004201700817793608 0.055087790717404175
512 1 8 2.7919645607471466e-05 0.000436109833419323 0.06401975710698206
512 1 64 6.514172479510308e-05 0.0005573871675878763 0.11686979640562499
512 1 512 0.00032654691487550737 0.0014988613333553075 0.2178633257184031
512 1 4096 0.0024107491597533228 0.009071211256086826 0.26575824238860035
512 1 32768 0.018906808756291867 0.06924914997071027 0.27302586045155386
512 1 262144 0.1511627919971943 0.5512771680951118 0.27420470272607805
512 2 1 2.4700583145022393e-05 0.00044064962677657605 0.05605492809720773
512 2 8 3.1958166509866714e-05 0.00044096658378839495 0.07247298930297713
512 2 64 9.057352915406227e-05 0.0006198606695979834 0.14611917418926515
512 2 512 0.0005005706660449505 0.002106330003589392 0.23765063650611692
512 2 4096 0.003721557483077049 0.01403607750311494 0.26514227228021126
512 2 32768 0.029535466246306895 0.10881447922438384 0.2714295602647005
512 2 262144 0.23704341612756252 0.8685274999588728 0.27292563118472035
512 8 1 3.0283266864717005e-05 0.00044717550091445446 0.06772121192415291
512 8 8 5.4049412533640864e-05 0.0004810967929661274 0.11234623328168043
512 8 64 0.0002457855008542538 0.0007945256251841783 0.3093487397555975
512 8 512 0.0015266729574650525 0.003235120829194784 0.4719060084828543
512 8 4096 0.01170493582263589 0.023227700032293797 0.5039214302906596
512 8 32768 0.09313025828450919 0.18285750411450863 0.5093050937969128
512 8 262144 0.7520603314042091 1.478667750954628 0.5086067041894158
512 32 1 5.286883767694235e-05 0.00047694379277527334 0.11084919958661275
512 32 8 0.00013482715394347907 0.0006105871666222811 0.22081557116460865
512 32 64 0.0008596449606120587 0.001604836292564869 0.535658973189199
512 32 512 0.0056732000038027764 0.009991810396313668 0.5677849937880948
512 32 4096 0.0437647458165884 0.07369535397738218 0.5938603107873018
512 32 32768 0.35293704085052013 0.6056934576481581 0.5826991135432374
512 32 262144 2.812788374722004 4.806792916730046 0.5851694515343259
512 128 1 0.00015422356240451336 0.0006599519550800323 0.23368907572341488
512 128 8 0.0004932983741164208 0.0011644672490656377 0.42362580357003665
512 128 64 0.0033205854147672653 0.0050825287587940695 0.6533333252707733
512 128 512 0.022190195880830287 0.03683105818927288 0.6024859716708663
512 128 4096 0.17096997518092394 0.29522566497325897 0.5791162336662367
512 128 32768 1.3673819992691278 2.368491707369685 0.577321843692527
512 128 262144 11.059634169563651 18.961380833759904 0.5832715595202043
512 512 1 0.0005292205009609461 0.0013662965409457683 0.38733941359070756
512 512 8 0.0017605712488293647 0.003211827091872692 0.5481525619123051
512 512 64 0.013227918744087219 0.017924239560961723 0.7379905127410312
512 512 512 0.08828122075647116 0.13555022086948157 0.65128053787146
512 512 4096 0.6873842515051365 1.1036227475851774 0.6228434970275785
512 512 32768 5.446627207100391 8.7257692925632 0.6242002308888047
512 512 262144 44.29743483476341 69.99745275080204 0.6328435263561193
