M N colnnz rac rar ratio
1 1 1 2.0450862497091294e-05 3.091215416789055e-05 0.6615799852064099
1 1 2 2.0612745732069014e-05 3.1125579215586184e-05 0.6622445670584388
1 1 4 2.06685833632946e-05 3.131015412509441e-05 0.6601239738621784
1 1 10 2.083475422114134e-05 3.092414997518063e-05 0.6737373294937153
1 1 20 2.2076766565442084e-05 3.035203330218792e-05 0.7273570882597407
1 1 40 2.088992465287447e-05 3.0648195929825304e-05 0.6816037296520097
1 1 80 2.196629587560892e-05 3.0187354236841202e-05 0.7276654887761197
1 1 160 2.1743125095963477e-05 2.9707074724137782e-05 0.7319174068087092
1 1 320 2.216929569840431e-05 3.0763900093734264e-05 0.7206269566230833
1 1 640 2.3088783398270608e-05 3.213240411132574e-05 0.718551382532018
1 1 1280 2.5179125182330607e-05 3.39934790506959e-05 0.7407045670371051
1 1 2560 2.9825950041413306e-05 4.201268739998341e-05 0.7099272121646064
1 1 5120 4.8016199842095375e-05 7.21972918137908e-05 0.66506926556106
1 2 1 2.060206662863493e-05 3.0842225253582e-05 0.6679824966988144
1 2 2 2.060397919267416e-05 3.079755399376154e-05 0.6690134936315973
1 2 4 2.0734862610697748e-05 3.094722498208284e-05 0.6700071693892545
1 2 10 2.0857558213174344e-05 3.0764370784163476e-05 0.677977728181301
1 2 20 2.0968608185648917e-05 3.100731670856476e-05 0.6762471058921723
1 2 40 2.0966120809316634e-05 2.954722922295332e-05 0.7095799288357441
1 2 80 2.313750423491001e-05 2.986848335713148e-05 0.7746461029928939
1 2 160 2.2474625147879123e-05 3.072512485086918e-05 0.7314738428880083
1 2 320 2.3121541924774645e-05 3.211516663432121e-05 0.7199570903071338
1 2 640 2.485093344002962e-05 3.212045393884182e-05 0.773679397163765
1 2 1280 2.9921729117631912e-05 3.975026234984398e-05 0.7527429342299512
1 2 2560 4.9388758093118664e-05 6.294119600206613e-05 0.7846809598517545
1 2 5120 9.180927500128746e-05 0.0001184919210150838 0.7748146389626034
1 4 1 2.105670403689146e-05 3.081196658313274e-05 0.6833937061459245
1 4 2 2.0921896025538446e-05 3.1084750033915044e-05 0.6730598123746079
1 4 4 2.080861236900091e-05 3.0450700037181378e-05 0.6833541542096851
1 4 10 2.0795999839901925e-05 3.0033779330551626e-05 0.6924203448064679
1 4 20 2.1194645762443543e-05 2.9372958466410635e-05 0.7215700041478839
1 4 40 2.1504433266818523e-05 2.9814366810023785e-05 0.7212775439386019
1 4 80 2.244548760354519e-05 3.059237077832222e-05 0.7336955924792231
1 4 160 2.3727287352085115e-05 3.121424615383148e-05 0.7601428922919109
1 4 320 2.5397341698408125e-05 3.201633747667074e-05 0.7932619312535152
1 4 640 2.9501779191195965e-05 3.551674615591764e-05 0.8306441998285508
1 4 1280 4.935711678117514e-05 5.2930271066725255e-05 0.9324931799225871
1 4 2560 8.919800017029047e-05 9.361089188605547e-05 0.9528592065853145
1 4 5120 0.00016670016665011644 0.00014997763745486735 1.1115001508160267
1 8 1 2.0596233382821082e-05 3.068054579198361e-05 0.6713124832415004
1 8 2 2.0773041620850564e-05 3.0584970861673353e-05 0.6791911528966563
1 8 4 2.0746404118835927e-05 2.975640818476677e-05 0.6972079422360073
1 8 10 2.087908312678337e-05 2.937285006046295e-05 0.7108293231267832
1 8 20 2.144774179905653e-05 2.948777098208666e-05 0.7273436100709574
1 8 40 2.2304362431168555e-05 3.041889164596796e-05 0.7332404707824064
1 8 80 2.3518308252096175e-05 3.11642000451684e-05 0.754657851573584
1 8 160 2.6415950059890748e-05 3.08145584538579e-05 0.8572555112041056
1 8 320 2.934497520327568e-05 3.37403042241931e-05 0.8697306049254352
1 8 640 4.851978737860918e-05 5.058510433882475e-05 0.9591714401460587
1 8 1280 8.862502928823232e-05 8.371237087994815e-05 1.0586849751911747
1 8 2560 0.00016719798743724824 0.00012777651268988847 1.3085189438769163
1 8 5120 0.00032037691585719584 0.0002019757069647312 1.5862150982005956
1 16 1 2.0679024793207644e-05 3.0429199896752833e-05 0.6795783281641378
1 16 2 2.0625112578272818e-05 3.0195358395576476e-05 0.6830557302242298
1 16 4 2.0873683132231235e-05 2.973260823637247e-05 0.7020468223401961
1 16 10 2.154485434293747e-05 2.9687520675361156e-05 0.7257209040301703
1 16 20 2.2472949884831905e-05 3.063392490148544e-05 0.7335968197709524
1 16 40 2.421815823763609e-05 3.08701042085886e-05 0.7845181886654655
1 16 80 2.6188579201698302e-05 3.107307925820351e-05 0.8428060503461154
1 16 160 3.2055599987506866e-05 3.3427787385880946e-05 0.9589506962416048
1 16 320 4.941200446337462e-05 5.077068731188774e-05 0.9732388328689221
1 16 640 9.090805817395448e-05 7.437497917562723e-05 1.2222935613774957
1 16 1280 0.00016968627478927375 0.00012150950431823731 1.3964856143669218
1 16 2560 0.00032190545834600925 0.00017213985845446588 1.8700227898186583
1 16 5120 0.0006243850830942393 0.0002603779584169388 2.3979951563120485
1 32 1 2.0941350050270557e-05 2.980417925864458e-05 0.7026313279268244
1 32 2 2.1102824807167053e-05 2.9824270866811275e-05 0.7075721951898738
1 32 4 2.1196441724896432e-05 2.9496970772743225e-05 0.7185972379402117
1 32 10 2.2366924956440927e-05 3.0211591720581055e-05 0.7403424871918912
1 32 20 2.379080839455128e-05 3.098128344863653e-05 0.7679090646452318
1 32 40 2.688058763742447e-05 3.151016235351562e-05 0.8530767736404689
1 32 80 3.576551638543606e-05 3.4819970838725567e-05 1.0271552653243148
1 32 160 5.868882909417152e-05 5.069280434399843e-05 1.1577349064358826
1 32 320 9.219772089272737e-05 7.377250008285045e-05 1.2497573050823059
1 32 640 0.00017061615847051143 0.00011123427469283342 1.533845201415278
1 32 1280 0.0003233217485249042 0.00015692334994673728 2.0603801068142227
1 32 2560 0.0006332035008817912 0.00020900233276188374 3.029648006863156
1 32 5120 0.0012337367087602615 0.00032633795961737634 3.7805491895787697
1 64 1 2.1025099977850915e-05 2.9714675061404705e-05 0.7075662087639532
1 64 2 2.131439559161663e-05 2.9967804253101348e-05 0.7112431532053543
1 64 4 2.2050616703927516e-05 3.0259787663817406e-05 0.7287102258914441
1 64 10 2.385618332773447e-05 3.1209058314561844e-05 0.764399331991488
1 64 20 2.679249159991741e-05 3.1247237510979174e-05 0.8574355281968039
1 64 40 3.49625501781702e-05 3.3361800014972686e-05 1.047981528648907
1 64 80 6.503693740814924e-05 5.014612078666687e-05 1.2969485253870647
1 64 160 0.00011545704565942287 7.492342106997967e-05 1.5410007179408447
1 64 320 0.0001808675916865468 0.00010876709576696158 1.6628888581714436
1 64 640 0.00032240016758441925 0.00014402900002896785 2.238439255424786
1 64 1280 0.0006319587063044309 0.00019242664147168398 3.2841539065027288
1 64 2560 0.0012463619578629733 0.00026172254234552384 4.762149819779517
1 64 5120 0.002448552083224058 0.00045035116747021677 5.4369839806976605
1 128 1 2.1121633425354957e-05 2.9784758388996125e-05 0.7091423455413447
1 128 2 2.175373751670122e-05 3.0154108442366123e-05 0.7214186935183103
1 128 4 2.2924179024994373e-05 3.128521237522364e-05 0.7327480711989414
1 128 10 2.6913787424564363e-05 3.129824995994568e-05 0.8599134922562002
1 128 20 3.293408341705799e-05 3.3494829200208186e-05 0.983258735854467
1 128 40 6.736682094633579e-05 4.716774169355631e-05 1.4282392696264898
1 128 80 0.0001315428789705038 7.215512078255415e-05 1.8230567358749203
1 128 160 0.00022500954195857047 0.00010383353754878044 2.167021824262341
1 128 320 0.0003551416248083115 0.00013849601689726115 2.5642732026854027
1 128 640 0.0006462700441479683 0.00018206622526049614 3.54964268206967
1 128 1280 0.0012519953344017267 0.0002399453353136778 5.217835690637651
1 128 2560 0.0024777641892433167 0.0003654057923704386 6.780856354711054
1 128 5120 0.0048867383413016795 0.0007280137930065394 6.712425490072802
2 1 1 2.0686279237270356e-05 3.071868326514959e-05 0.6734103496141379
2 1 2 2.0642449893057348e-05 3.09605622664094e-05 0.6667336889890186
2 1 4 2.0973083190619944e-05 3.091305010020733e-05 0.6784540225773219
2 1 10 2.0778604224324227e-05 3.06917292997241e-05 0.6770098882799351
2 1 20 2.097340002655983e-05 3.071898743510246e-05 0.6827503696490208
2 1 40 2.1176337637007235e-05 3.0921362340450285e-05 0.6848449109017769
2 1 80 2.1735758334398268e-05 3.0045916512608527e-05 0.7234180500127874
2 1 160 2.2158645838499068e-05 3.001247476786375e-05 0.7383145178759377
2 1 320 2.2855341620743274e-05 3.165573738515377e-05 0.7219968166485423
2 1 640 2.5190591625869275e-05 3.3994674868881705e-05 0.7410158127127264
2 1 1280 3.0034758523106577e-05 3.678523730486632e-05 0.8164894594585986
2 1 2560 4.858692474663257e-05 4.876411240547896e-05 0.9963664332209505
2 1 5120 8.982400000095368e-05 9.417899567633868e-05 0.9537583126246998
2 2 1 2.1001583337783813e-05 3.1007779017090795e-05 0.6773004711562286
2 2 2 2.059441637247801e-05 3.103767093271017e-05 0.6635296964494151
2 2 4 2.0865704491734505e-05 3.103020414710045e-05 0.67243207272564
2 2 10 2.0830295793712138e-05 3.038001637905836e-05 0.6856578197262242
2 2 20 2.098700851202011e-05 2.9472304321825503e-05 0.7120925558738321
2 2 40 2.127879597246647e-05 2.9531091451644897e-05 0.7205556898331716
2 2 80 2.2182466834783553e-05 2.9646591655910016e-05 0.7482299176998818
2 2 160 2.324870824813843e-05 3.076022081077099e-05 0.7558043354486476
2 2 320 2.511638328433037e-05 3.2404050044715405e-05 0.7751001263629532
2 2 640 2.9401374980807305e-05 3.344180006533861e-05 0.8791803946965437
2 2 1280 4.854967910796404e-05 4.187370017170906e-05 1.1594313115124573
2 2 2560 9.070922490209341e-05 7.209991235285997e-05 1.2581045100049317
2 2 5120 0.00016777336671948434 0.000168108700029552 0.9980052590377018
2 4 1 2.0739304460585116e-05 3.119400832802057e-05 0.6648489749217534
2 4 2 2.076417487114668e-05 3.11147540807724e-05 0.6673417638861577
2 4 4 2.0832424983382226e-05 3.0474387295544146e-05 0.6836043914959454
2 4 10 2.0990708284080028e-05 2.9861725121736528e-05 0.7029301957106546
2 4 20 2.1627291850745676e-05 2.9773370921611786e-05 0.7263971522635664
2 4 40 2.2109716944396494e-05 2.9732629284262658e-05 0.7436179536297877
2 4 80 2.358377110213041e-05 3.05675333365798e-05 0.7715300689280019
2 4 160 2.5149045698344708e-05 3.172486256808043e-05 0.7927235506340098
2 4 320 3.094886671751738e-05 3.281083311885595e-05 0.9432514744568151
2 4 640 4.9850429221987724e-05 3.777903337031603e-05 1.3195263291505097
2 4 1280 8.883309587836266e-05 5.985585004091263e-05 1.4841171885061113
2 4 2560 0.0001622179750353098 0.00010802188739180566 1.501713948460554
2 4 5120 0.00031232766434550287 0.00022070458345115185 1.415139003738134
2 8 1 2.0700200088322164e-05 3.0988291464746e-05 0.6680006902565719
2 8 2 2.075825408101082e-05 3.0695487558841705e-05 0.6762640287507501
2 8 4 2.0832695811986923e-05 3.0036429315805435e-05 0.6935809710585197
2 8 10 2.1324174851179123e-05 2.9469104297459126e-05 0.7236112314760014
2 8 20 2.2217254526913164e-05 2.9580587707459926e-05 0.7510754940582265
2 8 40 2.3491220735013485e-05 3.0365124717354775e-05 0.7736250370671917
2 8 80 2.6056195981800557e-05 3.115601260215044e-05 0.8363135653630501
2 8 160 3.009434174746275e-05 3.1361337751150134e-05 0.9596000650947705
2 8 320 4.821176249533892e-05 3.490248769521713e-05 1.3813273975294784
2 8 640 8.837342914193869e-05 5.4984004236757755e-05 1.607257062643312
2 8 1280 0.0001630290834233165 8.814318757504225e-05 1.849593688502799
2 8 2560 0.000312414625659585 0.00015828171651810407 1.9737884610560905
2 8 5120 0.0006047642491757869 0.0002868092097342014 2.1085942454088147
2 16 1 2.0831745862960815e-05 3.099155817180872e-05 0.6721748466945519
2 16 2 2.1189379319548607e-05 3.030538745224476e-05 0.6991951300058064
2 16 4 2.1038645692169665e-05 2.9366116784512995e-05 0.7164258674904186
2 16 10 2.198919989168644e-05 2.9412020929157735e-05 0.7476262833026666
2 16 20 2.341393753886223e-05 3.041811678558588e-05 0.7697365916471629
2 16 40 2.6342741772532462e-05 3.101296257227659e-05 0.8494106846819278
2 16 80 3.5306558199226855e-05 3.130109179764986e-05 1.127965708911078
2 16 160 5.728500839322805e-05 3.392071258276701e-05 1.6887914206829187
2 16 320 9.002525825053453e-05 5.007133334875107e-05 1.7979401032423281
2 16 640 0.00016356505006551742 8.258062079548835e-05 1.9806711125433136
2 16 1280 0.000314543416723609 0.00013040914591401815 2.4119735967828126
2 16 2560 0.000608880914747715 0.00021296400018036365 2.859079066095871
2 16 5120 0.001197471084073186 0.0003500173334032297 3.421176524117067
2 32 1 2.091516237705946e-05 2.991797477006912e-05 0.6990834953836396
2 32 2 2.100746240466833e-05 2.9375904239714145e-05 0.7151256428820914
2 32 4 2.1619629114866258e-05 2.9304270818829536e-05 0.737763763122695
2 32 10 2.358299568295479e-05 3.0469371005892755e-05 0.7739902368970417
2 32 20 2.591947093605995e-05 3.1058991514146326e-05 0.8345239066843012
2 32 40 3.245138768106699e-05 3.07049710303545e-05 1.0568773261171946
2 32 80 6.129831243306398e-05 3.3298649825155734e-05 1.8408648024748342
2 32 160 0.00010654616244137287 5.002654604613781e-05 2.129792497429443
2 32 320 0.0001807351540774107 7.450197488069535e-05 2.4259109153392666
2 32 640 0.00031261949986219405 0.0001116181667894125 2.8007940719184745
2 32 1280 0.0006114889178425074 0.00017501693349331618 3.4938843095765924
2 32 2560 0.0011995747089385987 0.00026000654138624667 4.613632805324688
2 32 5120 0.0023986387439072134 0.000448039960116148 5.353626813298975
2 64 1 2.130655385553837e-05 2.9820066690444947e-05 0.7145038968797978
2 64 2 2.1555591560900213e-05 2.985042091459036e-05 0.7221201879389318
2 64 4 2.272143345326185e-05 3.019032496958971e-05 0.752606455086152
2 64 10 2.5957462564110756e-05 3.1061729043722154e-05 0.8356734593741808
2 64 20 3.196236230432987e-05 3.092493321746588e-05 1.0335466880257664
2 64 40 6.637822519987822e-05 3.3301487565040586e-05 1.9932510543331134
2 64 80 0.00013236023373901844 4.9571253918111326e-05 2.670100578001707
2 64 160 0.00023694558255374433 7.414527498185635e-05 3.195693624600163
2 64 320 0.000341221584007144 0.00010872239600867033 3.1384663743055516
2 64 640 0.0006168213319033384 0.0001580823166295886 3.9018996245395776
2 64 1280 0.0012124858349561692 0.000212441248819232 5.707393652105121
2 64 2560 0.0024030725099146366 0.000321045957505703 7.485135550638257
2 64 5120 0.004717293735593557 0.0006254623737186193 7.542090353968688
2 128 1 2.1540495939552785e-05 2.963703740388155e-05 0.7268100264546562
2 128 2 2.233704589307308e-05 3.0274845659732817e-05 0.7378087453896606
2 128 4 2.449195384979248e-05 3.099478743970394e-05 0.7901958965660978
2 128 10 3.122275434434414e-05 3.160733319818973e-05 0.9878326067107863
2 128 20 6.21435584500432e-05 3.401915840804577e-05 1.8267223928545455
2 128 40 0.00013707359172403813 4.8386287502944466e-05 2.8329016090704777
2 128 80 0.0002591499164700508 7.428033333271741e-05 3.4888092829263866
2 128 160 0.00045069083385169506 0.00010854014176875353 4.152296344074241
2 128 320 0.0006940199583768845 0.00014281250815838576 4.8596580742576405
2 128 640 0.0012428897917270661 0.00019063513334840535 6.5197310165044815
2 128 1280 0.0024034095741808413 0.00026033175177872183 9.23210310597727
2 128 2560 0.004768065419048071 0.000451189624145627 10.56776389323421
2 128 5120 0.009498183745890856 0.0009872457087039947 9.620891397299243
4 1 1 2.0884804427623748e-05 3.1103420816361904e-05 0.6714632628652001
4 1 2 2.069253344088793e-05 3.088342510163784e-05 0.6700206784962638
4 1 4 2.0721408538520336e-05 3.10399167239666e-05 0.6675729423758693
4 1 10 2.0947400107979776e-05 3.102505449205637e-05 0.6751768997970053
4 1 20 2.111128307878971e-05 3.106256648898125e-05 0.6796374371151356
4 1 40 2.1527920663356782e-05 3.0586512573063375e-05 0.7038370462121849
4 1 80 2.244692910462618e-05 3.0027795769274235e-05 0.7475383566979921
4 1 160 2.3766220733523367e-05 3.077162075787783e-05 0.7723421824454596
4 1 320 2.5062025152146816e-05 3.2929295673966406e-05 0.7610859764595761
4 1 640 2.9493229277431964e-05 3.6341187357902525e-05 0.8115648227717731
4 1 1280 4.863752070814371e-05 4.097544606775045e-05 1.1869918542857223
4 1 2560 9.060396663844585e-05 6.131414603441953e-05 1.4777008651084218
4 1 5120 0.0001667544959113002 0.00016453694570809602 1.0134775213777112
4 2 1 2.0667079277336598e-05 3.124012481421232e-05 0.6615555923750457
4 2 2 2.0745966583490373e-05 3.091842085123062e-05 0.6709904973256304
4 2 4 2.078547477722168e-05 3.103344179689884e-05 0.6697766529814544
4 2 10 2.0995650067925452e-05 3.0706658400595186e-05 0.6837491007331
4 2 20 2.1319462545216085e-05 3.0232424847781658e-05 0.7051853317277138
4 2 40 2.2156425006687642e-05 2.979363314807415e-05 0.7436630805169133
4 2 80 2.3751041851937772e-05 3.0069595947861673e-05 0.7898690056600767
4 2 160 2.5418979302048684e-05 3.140636645257473e-05 0.809357533939263
4 2 320 2.95030664652586e-05 3.3767883293330667e-05 0.8737019791550159
4 2 640 4.8207749985158444e-05 3.6200720816850665e-05 1.3316792842069256
4 2 1280 8.586873319000006e-05 4.6697458438575266e-05 1.838830978412878
4 2 2560 0.00016417537927627563 9.284664150327444e-05 1.7682425192567213
4 2 5120 0.00031346216425299643 0.0002684189584106207 1.1678093310140552
4 4 1 2.0622253976762296e-05 3.1069216690957546e-05 0.6637519761727447
4 4 2 2.0737800002098084e-05 3.0707412399351596e-05 0.6753353142362453
4 4 4 2.073084991425276e-05 3.0441512726247312e-05 0.6810059046894271
4 4 10 2.15851541608572e-05 3.012632895261049e-05 0.7164880326046766
4 4 20 2.1925529278814794e-05 2.929839566349983e-05 0.7483525559090524
4 4 40 2.3435724899172784e-05 2.9734191857278345e-05 0.7881742679156144
4 4 80 2.6052329130470752e-05 3.0672920867800715e-05 0.8493592521806266
4 4 160 3.0438804253935814e-05 3.194653727114201e-05 0.9528044931940665
4 4 320 4.898742102086544e-05 3.367951661348343e-05 1.454516749247332
4 4 640 8.611323330551386e-05 4.0617449954152104e-05 2.120104373925891
4 4 1280 0.00016285448763519525 6.7555583268404e-05 2.4106739925279115
4 4 2560 0.0003108908347785473 0.0001650667080655694 1.8834254249200404
4 4 5120 0.0006127498336136341 0.0003475343752652407 1.7631344615794597
4 8 1 2.0691020786762237e-05 3.0775358341634275e-05 0.6723242848084242
4 8 2 2.1176433376967906e-05 3.072033319622278e-05 0.6893295473621899
4 8 4 2.1276541613042353e-05 3.051996659487486e-05 0.6971351540278314
4 8 10 2.2123046033084393e-05 2.9365883208811283e-05 0.7533587829037723
4 8 20 2.3298329301178454e-05 2.963797077536583e-05 0.7860973167752534
4 8 40 2.6067112386226654e-05 3.077880404889584e-05 0.8469176497181601
4 8 80 3.144934568554163e-05 3.1420412473380566e-05 1.0009208412583883
4 8 160 5.984714608639479e-05 3.279334995895624e-05 1.824978117859223
4 8 320 8.648695833981037e-05 3.8125120848417284e-05 2.2685031919944922
4 8 640 0.000163204962387681 5.6373012624680995e-05 2.8950903063184406
4 8 1280 0.000310435876250267 0.00011357844602316618 2.733228769364819
4 8 2560 0.0005987010430544615 0.0002278677485883236 2.627405794648467
4 8 5120 0.0011788274589926004 0.00045514554157853127 2.590001112400668
4 16 1 2.1071774885058404e-05 3.078921660780907e-05 0.6843881464562489
4 16 2 2.172856628894806e-05 3.068165425211191e-05 0.7081940924828855
4 16 4 2.1730099990963934e-05 2.9590804129838942e-05 0.7343531421321401
4 16 10 2.352202497422695e-05 2.9493183270096778e-05 0.7975410710608508
4 16 20 2.6244337297976016e-05 3.071512524038553e-05 0.8544434408969579
4 16 40 3.275812100619078e-05 3.126598317176104e-05 1.0477240017124239
4 16 80 6.439869590103626e-05 3.149585444480181e-05 2.0446721334040476
4 16 160 0.00011323422901332379 3.641669172793627e-05 3.109404606527139
4 16 320 0.0001743234373629093 5.4859129339456555e-05 3.1776559245815434
4 16 640 0.00030960266664624214 8.929331675171852e-05 3.4672546379601648
4 16 1280 0.000600931290537119 0.00016132236253470181 3.725034031830854
4 16 2560 0.001194893041625619 0.0002946684155613184 4.055042816005403
4 16 5120 0.002332287486642599 0.000546984625980258 4.263899524530287
4 32 1 2.0997254177927972e-05 3.0152412317693235e-05 0.6963706239055016
4 32 2 2.1628208458423615e-05 2.957519181072712e-05 0.731295627661117
4 32 4 2.244040407240391e-05 2.954207919538021e-05 0.7596081482278721
4 32 10 2.5663933157920837e-05 3.037917073816061e-05 0.8447871529845034
4 32 20 3.188323341310024e-05 3.100218754261732e-05 1.0284188291317118
4 32 40 6.64873331785202e-05 3.13422916457057e-05 2.121329669511573
4 32 80 0.00013010345418006182 3.5676533356308936e-05 3.646751574226443
4 32 160 0.0002251312080770731 5.242355838418007e-05 4.294466362379003
4 32 320 0.0003473765812814236 8.239322919398547e-05 4.2160816450532
4 32 640 0.0006083915419876576 0.0001302842501550913 4.669724400788461
4 32 1280 0.0011833480447530746 0.00021216616593301295 5.577458778826649
4 32 2560 0.00236010292544961 0.00035732887499034403 6.604848056327343
4 32 5120 0.004621537085622549 0.0006931141652166843 6.667786228517988
4 64 1 2.1285158395767213e-05 2.9563129134476185e-05 0.7199900355251875
4 64 2 2.2222796082496644e-05 2.950692493468523e-05 0.7531383270770404
4 64 4 2.3639566637575625e-05 3.0084949918091298e-05 0.7857605447885488
4 64 10 3.075563348829746e-05 3.107325434684754e-05 0.9897783201268618
4 64 20 6.437597908079625e-05 3.102452922612429e-05 2.075002608793441
4 64 40 0.00013284359574317932 3.339545838534832e-05 3.9778940660225266
4 64 80 0.00025757729075849057 4.817175008356571e-05 5.34706109517839
4 64 160 0.00044499791599810124 7.242744602262974e-05 6.144050914884711
4 64 320 0.0006737432908266783 0.00011671681236475706 5.772461371898439
4 64 640 0.0012122179996222257 0.00017317175399512053 7.000090786493867
4 64 1280 0.00236474709585309 0.00026056000031530856 9.075633608349191
4 64 2560 0.004707168340682983 0.0004474880825728178 10.5190920697134
4 64 5120 0.009284442104399205 0.0009652500003576278 9.618691635285463
4 128 1 2.242782488465309e-05 2.9546408355236054e-05 0.7590711065454612
4 128 2 2.393398340791464e-05 3.0106783472001552e-05 0.7949697924447013
4 128 4 2.665659599006176e-05 3.103318326175213e-05 0.8589707270834689
4 128 10 5.830829180777073e-05 3.135211244225502e-05 1.8597882970458266
4 128 20 0.00012976054158061743 3.3488004095852376e-05 3.8748365297975105
4 128 40 0.0002599188759922981 4.802416265010834e-05 5.41225211746012
4 128 80 0.0005111535843461752 7.34365375712514e-05 6.960480453619306
4 128 160 0.0009001854602247477 0.00010683875419199467 8.425645422699976
4 128 320 0.0013844730835407973 0.00015820938739925623 8.750890868738082
4 128 640 0.0024235154315829276 0.00021388445980846882 11.330956132825914
4 128 1280 0.004765764158219099 0.00033124195598065854 14.387561938250888
4 128 2560 0.009384269155561923 0.0006361605413258076 14.751416577966912
4 128 5120 0.018581594992429017 0.0015343935415148735 12.110058136769664
8 1 1 2.0639929175376892e-05 3.131787888705731e-05 0.6590462032825194
8 1 2 2.0781575329601766e-05 3.091456685215235e-05 0.672225990711395
8 1 4 2.0942958444356917e-05 3.098919987678528e-05 0.6758147524823888
8 1 10 2.0989316515624523e-05 3.1252220831811426e-05 0.6716103994203074
8 1 20 2.158303763717413e-05 3.1002958491444585e-05 0.6961605823241054
8 1 40 2.2369404137134553e-05 3.073694575577974e-05 0.7277692557637493
8 1 80 2.3679537512362004e-05 3.054613769054413e-05 0.7752056169016828
8 1 160 2.6077312603592874e-05 3.2205449976027014e-05 0.8097173808471615
8 1 320 3.133672066032886e-05 3.549824990332127e-05 0.8827680447817501
8 1 640 4.840893317013979e-05 4.0631108172237875e-05 1.191425372030987
8 1 1280 8.983100838959218e-05 5.094040408730507e-05 1.7634529996195905
8 1 2560 0.00016875009555369615 9.476141668856145e-05 1.780789074822536
8 1 5120 0.0003181197494268417 0.00027659800089895726 1.150115866322015
8 2 1 2.0637116953730584e-05 3.092149160802364e-05 0.6674036691158707
8 2 2 2.0909496024250983e-05 3.102469574660063e-05 0.673962967921838
8 2 4 2.093779984861612e-05 3.1066424772143366e-05 0.6739687621663701
8 2 10 2.1243012510240077e-05 3.0820983089506624e-05 0.6892386413680788
8 2 20 2.2106408327817916e-05 3.066084999591112e-05 0.720997895712806
8 2 40 2.3955249972641467e-05 3.0499262548983097e-05 0.7854370227532003
8 2 80 2.6275320909917355e-05 3.071705438196659e-05 0.8553984566092738
8 2 160 3.2311258278787134e-05 3.2953549921512605e-05 0.9805091820378911
8 2 320 5.036561656743288e-05 3.611515834927559e-05 1.3945838498156033
8 2 640 8.644617479294538e-05 4.137543775141239e-05 2.0893114246264246
8 2 1280 0.00016373721659183502 6.164695844054222e-05 2.656046960528599
8 2 2560 0.0003135555423796177 0.00015947240833193063 1.966205600450793
8 2 5120 0.0006049350388348103 0.0004717473741620779 1.2823283646449577
8 4 1 2.0814995653927327e-05 3.056769147515297e-05 0.680947583851625
8 4 2 2.0822054147720336e-05 3.085350003093481e-05 0.6748684631190436
8 4 4 2.110324166715145e-05 3.0445712618529796e-05 0.6931432984198782
8 4 10 2.17891875654459e-05 2.9976424761116504e-05 0.7268774625087858
8 4 20 2.3297516629099846e-05 2.9739145934581755e-05 0.7833956187023061
8 4 40 2.620127499103546e-05 3.022007904946804e-05 0.867015435272221
8 4 80 3.165888730436564e-05 3.173653315752745e-05 0.9975534235961941
8 4 160 5.475904159247875e-05 3.354499153792858e-05 1.6324058848118626
8 4 320 8.719365391880274e-05 3.6021295748651026e-05 2.4206140314113513
8 4 640 0.00016201645005494355 4.662883337587118e-05 3.4745979756547265
8 4 1280 0.0003087327070534229 9.435827471315861e-05 3.2719197970919343
8 4 2560 0.0006053991671651601 0.0002715582065284252 2.2293532384991295
8 4 5120 0.0011838402505964041 0.0005949067492038012 1.9899593544379979
8 8 1 2.105167917907238e-05 3.110178355127573e-05 0.676864050074996
8 8 2 2.1366666816174985e-05 3.092426247894764e-05 0.6909353725321924
8 8 4 2.1802295930683613e-05 3.053314611315727e-05 0.7140533716991784
8 8 10 2.31860788539052e-05 2.9412079229950904e-05 0.7883182509006149
8 8 20 2.5799696147441865e-05 3.0008137598633765e-05 0.8597566597607342
8 8 40 3.223834577947855e-05 3.0903283320367335e-05 1.043201314412806
8 8 80 6.419768761843442e-05 3.2447024807333945e-05 1.978538494658035
8 8 160 0.00011430153343826532 3.422552924603224e-05 3.3396571493928406
8 8 320 0.00017115889992564917 3.9863962680101394e-05 4.293574657872267
8 8 640 0.0003051380813121796 6.893436647951603e-05 4.426501568021981
8 8 1280 0.0005993035845458508 0.00016673225406557322 3.594407020432615
8 8 2560 0.0011945415418595075 0.00036663795635104177 3.2580956804040766
8 8 5120 0.002347019575536251 0.0007903900407254696 2.96944477359812
8 16 1 2.1343758516013622e-05 3.0733816884458065e-05 0.6944714545627118
8 16 2 2.1445629186928272e-05 3.0015316791832448e-05 0.7144895166578386
8 16 4 2.2521849907934666e-05 2.9688887298107148e-05 0.7585952845518253
8 16 10 2.5321449898183344e-05 2.985099572688341e-05 0.8482614827946655
8 16 20 3.110958337783813e-05 3.073644582182169e-05 1.0121399057711327
8 16 40 6.667636651545763e-05 3.169139996170998e-05 2.103926194362414
8 16 80 0.00013447317089885474 3.287720400840044e-05 4.090164445385793
8 16 160 0.0002177817914634943 3.9765399880707265e-05 5.4766654457599
8 16 320 0.0003537246230989695 5.670490823686123e-05 6.237989516206103
8 16 640 0.0006146171651780605 0.00011948959156870841 5.143687890377011
8 16 1280 0.0011767762526869773 0.00023613350093364715 4.983520966038817
8 16 2560 0.002337860409170389 0.00046021762490272523 5.0799019478329095
8 16 5120 0.0045954095758497715 0.000929876334965229 4.941957766912746
8 32 1 2.1370975114405156e-05 3.006064984947443e-05 0.710928580101165
8 32 2 2.216422911733389e-05 2.9736908338963986e-05 0.7453440978022693
8 32 4 2.41539416834712e-05 2.9299062490463256e-05 0.8243929883877079
8 32 10 3.0233662389218806e-05 3.064259998500347e-05 0.986654605158022
8 32 20 6.198236234486103e-05 3.125819563865662e-05 1.9829155547356103
8 32 40 0.00012889694180339575 3.2477525249123574e-05 3.9688042981930747
8 32 80 0.00025909883342683317 3.595852088183165e-05 7.2054919688797625
8 32 160 0.0004407304599881172 5.613231658935547e-05 7.85163497192443
8 32 320 0.0006919255014508962 8.916620817035436e-05 7.759952067592182
8 32 640 0.0012089164592325688 0.00017060159165412187 7.086196837386661
8 32 1280 0.0023464145697653293 0.0003066444993019104 7.651904975002143
8 32 2560 0.00465696919709444 0.0005560664162039757 8.374843474428017
8 32 5120 0.009195575825870037 0.0011930219568312167 7.707800994957702
8 64 1 2.2169275209307672e-05 2.9669578932225703e-05 0.7472055892653214
8 64 2 2.3732300102710724e-05 2.9461591504514217e-05 0.805533540137313
8 64 4 2.7342508360743522e-05 3.0110616609454154e-05 0.9080686960146309
8 64 10 5.756725389510393e-05 3.1258341670036317e-05 1.8416605238622388
8 64 20 0.00012963047064840793 3.172472920268774e-05 4.086101722735132
8 64 40 0.00026241637580096724 3.492274172604084e-05 7.514197420682215
8 64 80 0.0005069254990667105 5.0884800031781196e-05 9.962218555444833
8 64 160 0.0008907930850982666 8.268246632069349e-05 10.773663688782852
8 64 320 0.0013660084176808597 0.00013637062087655066 10.01688200068721
8 64 640 0.002437422927469015 0.00022220816463232041 10.969097069417446
8 64 1280 0.004687861688435078 0.00036802995949983594 12.737717589095263
8 64 2560 0.009328817073255778 0.0006966598741710186 13.390777076627934
8 64 5120 0.018436881266534328 0.0016719620004296302 11.027093475687101
8 128 1 2.3409779369831085e-05 2.9777695797383787e-05 0.7861514715281571
8 128 2 2.650972492992878e-05 3.029485009610653e-05 0.875057141587764
8 128 4 3.834805842489004e-05 3.111982084810734e-05 1.232271182153104
8 128 10 0.00012249262500554323 3.178212530910969e-05 3.8541357386956516
8 128 20 0.0002558071240782738 3.4396308287978175e-05 7.437051730568444
8 128 40 0.0005249140821397305 5.067787934094667e-05 10.357854136086765
8 128 80 0.0010023263320326804 7.963862512260675e-05 12.585932146487464
8 128 160 0.0017642684187740088 0.00012493481244891882 14.121511724327055
8 128 320 0.0027239591628313064 0.00019029537495225668 14.314373975272504
8 128 640 0.004815267920494079 0.00026987104304134846 17.842847703213216
8 128 1280 0.009399926662445069 0.00046194975264370443 20.34837470666448
8 128 2560 0.018720804583281278 0.0009803720396012068 19.09561250940661
8 128 5120 0.036707712709903716 0.0025886796042323113 14.180091135994255
16 1 1 2.074001245200634e-05 3.104522917419672e-05 0.6680579594253543
16 1 2 2.1031983382999897e-05 3.096464145928621e-05 0.6792258005200464
16 1 4 2.126639150083065e-05 3.121135011315346e-05 0.6813672405625387
16 1 10 2.1802891790866853e-05 3.1212987564504144e-05 0.6985198627913918
16 1 20 2.2495391592383385e-05 3.1310516595840456e-05 0.7184612085056385
16 1 40 2.3909795843064787e-05 3.113348316401243e-05 0.7679768986048567
16 1 80 2.6725466363132e-05 3.193031642585993e-05 0.8369934706155122
16 1 160 3.103977926075458e-05 3.48013374954462e-05 0.891913400305841
16 1 320 5.025291256606579e-05 3.989406265318394e-05 1.2596589372943974
16 1 640 9.125214591622352e-05 4.992323759943247e-05 1.8278491200510778
16 1 1280 0.00016720145009458065 7.311126664280892e-05 2.286945060211541
16 1 2560 0.0003230692092329264 0.00017939973752945662 1.8008343472625197
16 1 5120 0.0006246839165687561 0.0005192409995943308 1.2030712464092879
16 2 1 2.0972600020468236e-05 3.1218229234218594e-05 0.671806202174977
16 2 2 2.1027949824929236e-05 3.141353335231542e-05 0.6693914240430172
16 2 4 2.1326341852545737e-05 3.0832687579095364e-05 0.6916796272733957
16 2 10 2.2289375215768815e-05 3.142597079277039e-05 0.7092660832261873
16 2 20 2.3881496116518974e-05 3.0765833519399166e-05 0.7762343282999524
16 2 40 2.6370658166706563e-05 3.071019165217876e-05 0.8586940278777346
16 2 80 3.5248654149472714e-05 3.230861239135265e-05 1.0909987009812578
16 2 160 5.2354045771062376e-05 3.537860419601202e-05 1.4798222530487473
16 2 320 9.03116500005126e-05 4.0450208447873593e-05 2.2326621658054804
16 2 640 0.00016400016248226167 5.06674874573946e-05 3.236792876697636
16 2 1280 0.0003101995401084423 9.501107502728701e-05 3.2648776999876437
16 2 2560 0.0006107027921825647 0.0002739364579319954 2.229359307603267
16 2 5120 0.0011915500834584235 0.0008837559577077628 1.348279548291816
16 4 1 2.081689592450857e-05 3.108144588768482e-05 0.6697531382462713
16 4 2 2.104246262460947e-05 3.05891877040267e-05 0.6879052437812686
16 4 4 2.1584462560713293e-05 3.078202903270721e-05 0.701203372194175
16 4 10 2.3235570825636386e-05 3.0177608318626882e-05 0.7699606469905178
16 4 20 2.608876656740904e-05 3.0153662338852883e-05 0.8651939613250149
16 4 40 3.3370349928736684e-05 3.069291654974222e-05 1.0872329410160584
16 4 80 6.221115421503783e-05 3.269182089716196e-05 1.9029577584783137
16 4 160 0.00010923652909696102 3.5368328914046286e-05 3.088540862714565
16 4 320 0.00017489137928932905 4.037179183214903e-05 4.332019247906129
16 4 640 0.0003050915841013193 5.948721244931221e-05 5.128691890904811
16 4 1280 0.000599513627588749 0.0001559621999040246 3.8439674995458857
16 4 2560 0.0011919773742556572 0.00046561324782669545 2.5600160214928414
16 4 5120 0.0023283887468278407 0.0010777384582906962 2.1604395100836324
16 8 1 2.0982170850038527e-05 3.069415427744388e-05 0.6835884989819586
16 8 2 2.1436824835836886e-05 3.063084185123444e-05 0.6998444554658223
16 8 4 2.2125549986958505e-05 3.0425529181957244e-05 0.7272034564999205
16 8 10 2.5602791644632815e-05 2.941155806183815e-05 0.8705010319685426
16 8 20 3.2628737576305865e-05 3.0019416473805904e-05 1.0869211133659704
16 8 40 6.318043749779463e-05 3.154427893459797e-05 2.0029127192537572
16 8 80 0.00012988226674497127 3.348372913897038e-05 3.8789665931745483
16 8 160 0.00022366445884108543 3.579062484204769e-05 6.249247109492177
16 8 320 0.00032904029078781603 4.645988345146179e-05 7.082245290855616
16 8 640 0.0006037019602954388 9.123249165713788e-05 6.617181547164355
16 8 1280 0.0011838122475892306 0.00026394741609692574 4.485030636384467
16 8 2560 0.0023399716429412364 0.0006218953747302294 3.7626451940670687
16 8 5120 0.00458270289003849 0.0014040823336690664 3.2638419985409524
16 16 1 2.1322770789265632e-05 3.0394800007343294e-05 0.7015269317157578
16 16 2 2.2216800041496754e-05 3.0096849985420703e-05 0.7381769205833453
16 16 4 2.422073744237423e-05 2.967844996601343e-05 0.8161052032741214
16 16 10 3.0511550046503543e-05 2.9864845797419546e-05 1.0216543642472071
16 16 20 6.59315500408411e-05 3.1040679290890696e-05 2.1240369588235652
16 16 40 0.00013612872920930384 3.2288074865937234e-05 4.216068309260358
16 16 80 0.00025733520835638046 3.3749212697148324e-05 7.624924784634288
16 16 160 0.0004394619148224592 4.0733166970312594e-05 10.78879810997143
16 16 320 0.0006906090416014195 6.905230842530727e-05 10.001244814986016
16 16 640 0.00120878653973341 0.00016523707918822766 7.315467845788031
16 16 1280 0.0023687699995934963 0.0003750300817191601 6.316213325434894
16 16 2560 0.004735147934406996 0.0007970039583742619 5.941184964834813
16 16 5120 0.009188614170998335 0.001703583626076579 5.393697163056256
16 32 1 2.1966724842786788e-05 3.0015220865607263e-05 0.7318528469652945
16 32 2 2.3676012642681598e-05 2.961958348751068e-05 0.7993364475454142
16 32 4 2.7323799952864647e-05 2.9439683444797992e-05 0.9281281846694849
16 32 10 6.208768747746945e-05 3.112542908638716e-05 1.994757640293022
16 32 20 0.00013338997084647418 3.1873645819723605e-05 4.184961193360932
16 32 40 0.0002683422490954399 3.262875005602837e-05 8.224104467215469
16 32 80 0.0005097322929650545 3.699809592217207e-05 13.777257457716471
16 32 160 0.0008783905822783709 5.9828612394630906e-05 14.681780959325721
16 32 320 0.00135775045491755 0.00011408965848386288 11.90073204671389
16 32 640 0.002435939162969589 0.00024664345569908616 9.876358389745892
16 32 1280 0.0047022108361125 0.00048240724951028826 9.74738841691519
16 32 2560 0.009309881664812565 0.0009566049575805664 9.732211390958087
16 32 5120 0.018363330829888582 0.002174452915787697 8.445034931113446
16 64 1 2.2785545885562898e-05 2.9957058280706407e-05 0.7606069218164101
16 64 2 2.673720810562372e-05 2.9294454306364058e-05 0.9127054501853347
16 64 4 3.8238641619682313e-05 3.023938350379467e-05 1.2645311242831334
16 64 10 0.000125890320725739 3.113200832158327e-05 4.043758418195638
16 64 20 0.0002621448319405317 3.161935396492481e-05 8.290644781399635
16 64 40 0.0005288451239466667 3.509744554758072e-05 15.067909236577481
16 64 80 0.0010120443347841502 5.531184189021587e-05 18.29706442958232
16 64 160 0.0017725240420550109 9.619427472352982e-05 18.426502483119595
16 64 320 0.002707407083362341 0.0001876488208770752 14.428052735465398
16 64 640 0.004798389989882707 0.00031401312351226804 15.280858125330042
16 64 1280 0.009326369985938072 0.0005696235429495573 16.372866082123934
16 64 2560 0.018580942526459695 0.0012040195427834987 15.432426024833083
16 64 5120 0.03639803752303124 0.0030517833307385444 11.926809205757985
16 128 1 2.5334425084292888e-05 2.9627104289829732e-05 0.8551097277836087
16 128 2 3.2870766706764695e-05 3.016642518341541e-05 1.0896473979567207
16 128 4 8.436583764851093e-05 3.143617492169142e-05 2.683718291384658
16 128 10 0.00025509287603199483 3.24731707572937e-05 7.855496401585583
16 128 20 0.0005161912497133016 3.538261651992798e-05 14.588837697251009
16 128 40 0.0010485601667314767 5.066111236810684e-05 20.69753540176087
16 128 80 0.0020164845697581766 7.995825838297605e-05 25.21921575754966
16 128 160 0.00346263000741601 0.00014560883343219758 23.78035676680547
16 128 320 0.005424459595233202 0.00024491458199918273 22.148373326547386
16 128 640 0.009581587929278611 0.0003862898759543896 24.804139393003243
16 128 1280 0.018710587918758393 0.0007137329578399658 26.21510988561314
16 128 2560 0.0371052373200655 0.0016980566252022982 21.85159008796009
16 128 5120 0.07333841659128666 0.004763838723301887 15.394815158741293
32 1 1 2.105071246623993e-05 3.095339592546225e-05 0.6800776404931913
32 1 2 2.1091745980083944e-05 3.112732078880072e-05 0.6775959332700594
32 1 4 2.158091254532337e-05 3.152451254427433e-05 0.6845756144528562
32 1 10 2.2222520783543587e-05 3.179793749004602e-05 0.6988667359478925
32 1 20 2.3860729299485683e-05 3.1794091872870925e-05 0.7504768305662922
32 1 40 2.676271237432957e-05 3.236447516828776e-05 0.8269163097862603
32 1 80 3.300757072865963e-05 3.43107208609581e-05 0.9620191561238425
32 1 160 5.739763732999563e-05 3.850894570350647e-05 1.490501396011193
32 1 320 9.017860013991594e-05 4.877781681716442e-05 1.8487625323194663
32 1 640 0.0001668655540794134 6.830737888813019e-05 2.4428627886995344
32 1 1280 0.00031990791857242583 0.00012435421664267778 2.5725538482676185
32 1 2560 0.0006266832500696182 0.000328833669424057 1.905775801995083
32 1 5120 0.0012326961252838373 0.0009808099996298553 1.2568143939693115
32 2 1 2.1030391566455364e-05 3.111441247165203e-05 0.6759051479958332
32 2 2 2.115016672760248e-05 3.115432485938072e-05 0.6788838090077904
32 2 4 2.1915829181671142e-05 3.1342437490820886e-05 0.6992381874603572
32 2 10 2.3526404239237307e-05 3.123056255280971e-05 0.7533134953766856
32 2 20 2.6242412254214287e-05 3.153933752328157e-05 0.8320533757198538
32 2 40 3.550763335078955e-05 3.23687544092536e-05 1.0969724970522376
32 2 80 6.348214987665415e-05 3.452249988913536e-05 1.838863062655342
32 2 160 0.0001123191500082612 4.00498665869236e-05 2.804482500946301
32 2 320 0.0001721867708489299 4.918938763439655e-05 3.5004861643881338
32 2 640 0.0003100607469677925 7.274390403181315e-05 4.262360552331552
32 2 1280 0.0006111902073025704 0.00017830635849386454 3.427753291947809
32 2 2560 0.0012065640836954117 0.0005162627082318067 2.337112606540725
32 2 5120 0.002383602075278759 0.0017011015433818103 1.4012109297956015
32 4 1 2.131085842847824e-05 3.11151210218668e-05 0.6849036008409414
32 4 2 2.172362916171551e-05 3.088696245104074e-05 0.7033268226407783
32 4 4 2.273652907460928e-05 3.1209529191255566e-05 0.7285124019422794
32 4 10 2.606177069246769e-05 3.0580766685307026e-05 0.8522275115159047
32 4 20 3.314792085438967e-05 3.0749983340501785e-05 1.0779817500170636
32 4 40 6.425388343632221e-05 3.1953675113618374e-05 2.0108448623782174
32 4 80 0.00012716141678392886 3.539509605616331e-05 3.5926281025528217
32 4 160 0.0002263960000127554 4.0691779367625714e-05 5.563679041100757
32 4 320 0.0003466504160314798 5.045028757303953e-05 6.871128643808339
32 4 640 0.0006060209162533283 9.772657919675111e-05 6.201188266635606
32 4 1280 0.0011887990813702345 0.0002858410831540823 4.1589510795738684
32 4 2560 0.0023961424827575683 0.0008661480415612459 2.7664352602339
32 4 5120 0.0046299416944384575 0.0020469837449491025 2.2618360824128474
32 8 1 2.146370820701122e-05 3.0967158265411854e-05 0.693111974403692
32 8 2 2.2411120869219303e-05 3.063344582915306e-05 0.7315899423854961
32 8 4 2.4465620890259742e-05 3.003882523626089e-05 0.8144666343584721
32 8 10 3.0734454095363614e-05 3.0414995551109314e-05 1.0105033237212704
32 8 20 6.059280000627041e-05 3.068364169448614e-05 1.974759078781674
32 8 40 0.00013083317913115025 3.273275420069694e-05 3.9970110162121513
32 8 80 0.00025736983306705953 3.5511654429137704e-05 7.247475151590931
32 8 160 0.00042976020835340024 4.1639103926718237e-05 10.321072449343449
32 8 320 0.0006759594175964594 6.128574162721634e-05 11.029635925891661
32 8 640 0.0012024747915565968 0.0001557174375280738 7.722158870870236
32 8 1280 0.0023567316867411136 0.0004695010408759117 5.019651676052394
32 8 2560 0.004659269992262125 0.001156435627490282 4.028992086981753
32 8 5120 0.009184742085635663 0.0026718466728925705 3.437600734660481
32 16 1 2.1959933452308177e-05 3.0418546125292778e-05 0.7219258067711747
32 16 2 2.3481875099241732e-05 3.037375006824732e-05 0.7730976598701145
32 16 4 2.7803266793489456e-05 3.0134079232811928e-05 0.9226519442882286
32 16 10 5.9116037376224994e-05 3.0224420689046384e-05 1.955903075344938
32 16 20 0.00013373631238937378 3.147747926414013e-05 4.248634754617384
32 16 40 0.00026709933206439017 3.330486658960581e-05 8.01982891436502
32 16 80 0.0005160250421613455 3.558697514235973e-05 14.500390665322742
32 16 160 0.0008751749992370605 4.687848761677742e-05 18.66901096279912
32 16 320 0.0013366005010902883 9.864728357642889e-05 13.549288461194486
32 16 640 0.0024091916531324385 0.0002714329604059458 8.87582572702053
32 16 1280 0.004716456644237041 0.0006593044567853213 7.153685365989852
32 16 2560 0.009287074580788613 0.001457886666059494 6.370230825891662
32 16 5120 0.018326877932995558 0.0032409100048244 5.654855551593309
32 32 1 2.2786479070782663e-05 3.0354554206132888e-05 0.7506774408888812
32 32 2 2.6405949890613556e-05 2.975994609296322e-05 0.8872983105590128
32 32 4 3.40549873188138e-05 2.957321684807539e-05 1.1515482909337298
32 32 10 0.00012474532090127468 3.11078792437911e-05 4.01008760268262
32 32 20 0.00026399279199540616 3.212645836174488e-05 8.217301422486084
32 32 40 0.0005307570826262235 3.3567362651228904e-05 15.81170043476122
32 32 80 0.001023747581988573 4.037290010601282e-05 25.357296089713014
32 32 160 0.0017535535842180252 6.789067909121513e-05 25.829077094103337
32 32 320 0.002721253354102373 0.00017105304189026356 15.908827601254535
32 32 640 0.0047979125007987025 0.00039309471100568773 12.205487294712752
32 32 1280 0.009328290838748216 0.0008191152475774289 11.388251978384076
32 32 2560 0.018499422930181027 0.0017637419570237399 10.488735529883426
32 32 5120 0.03655464611947536 0.00418551167473197 8.73361465938719
32 64 1 2.4707683362066745e-05 2.9772499948740005e-05 0.8298827241449838
32 64 2 3.191520404070616e-05 2.9924012534320353e-05 1.0665415944503458
32 64 4 7.599168308079242e-05 3.053586259484291e-05 2.4886044350234395
32 64 10 0.0002508242093026638 3.163113333284855e-05 7.929662420352986
32 64 20 0.0005176647491753101 3.253404162824154e-05 15.91147989206313
32 64 40 0.001035902876406908 3.7070333398878576e-05 27.94425572763382
32 64 80 0.002011883743107319 5.6633999943733214e-05 35.524309515594126
32 64 160 0.0034983850084245203 0.00011657525431364775 30.009670826126225
32 64 320 0.00539024418219924 0.00027143912576138975 19.858022188509285
32 64 640 0.009575248733162879 0.0005009352080523968 19.114744939551798
32 64 1280 0.018615040834993123 0.0009853147510439158 18.89248163114473
32 64 2560 0.03680589608848095 0.0022125796042382715 16.63483475034209
32 64 5120 0.07282390836626292 0.005798405818641186 12.559298304396478
32 128 1 2.9126316867768764e-05 2.9767870903015138e-05 0.9784481047591015
32 128 2 5.140125397592783e-05 3.0531641654670237e-05 1.68354045803709
32 128 4 0.0001749025959521532 3.1113254092633725e-05 5.621481939221606
32 128 10 0.0004910520445555449 3.229591250419617e-05 15.204773808194552
32 128 20 0.001018689127638936 3.450280819088221e-05 29.524817864191622
32 128 40 0.0020625520683825015 5.216480437666178e-05 39.53915083222808
32 128 80 0.004041672926396131 9.280669596046209e-05 43.54936768913724
32 128 160 0.006988917924463749 0.00019639145769178868 35.58666963729127
32 128 320 0.010743365827947856 0.00037795541621744633 28.424955343851863
32 128 640 0.01910562500357628 0.0006283840425312519 30.4043764806871
32 128 1280 0.03707863744348287 0.0012442649565637112 29.79963170053669
32 128 2560 0.07369374576956034 0.003120907098054886 23.61292517021419
32 128 5120 0.145599571056664 0.009052387084811925 16.08410794772029
64 1 1 2.095671258866787e-05 3.113679587841034e-05 0.6730529586443047
64 1 2 2.1432995982468128e-05 3.165944181382656e-05 0.676985908611558
64 1 4 2.187760416418314e-05 3.19285374134779e-05 0.6852053346780618
64 1 10 2.3717750050127506e-05 3.1967737339437005e-05 0.7419277066215162
64 1 20 2.681223340332508e-05 3.270221240818501e-05 0.8198905036961435
64 1 40 3.408559560775757e-05 3.47890542820096e-05 0.9797793102235662
64 1 80 6.244460828602314e-05 3.809634987264872e-05 1.6391231310812604
64 1 160 0.00010949863754212856 4.8004916682839394e-05 2.2809879718273045
64 1 320 0.00017728401627391577 6.667438317090273e-05 2.6589524768379715
64 1 640 0.00032194066606462 0.0001064313331618905 3.02486736283687
64 1 1280 0.0006242951657623052 0.00022734616696834563 2.7460113978927496
64 1 2560 0.0012419571243226528 0.0006224672086536884 1.9952169480683752
64 1 5120 0.0024412087351083755 0.0019229714181274176 1.2694981901944313
64 2 1 2.1223458275198937e-05 3.126245848834515e-05 0.6788800146063747
64 2 2 2.173219993710518e-05 3.141999170184135e-05 0.6916679082328203
64 2 4 2.2837966494262218e-05 3.149016257375479e-05 0.7252413016532449
64 2 10 2.614670842885971e-05 3.182991668581963e-05 0.8214507341298881
64 2 20 3.316243346780538e-05 3.2203353941440585e-05 1.029781976377641
64 2 40 6.305463723838329e-05 3.425581660121679e-05 1.8406987044688796
64 2 80 0.0001323341416195035 3.87279000133276e-05 3.4170234268825
64 2 160 0.0002312186248600483 4.878610000014305e-05 4.739436537443459
64 2 320 0.00034588541463017464 6.849108748137951e-05 5.050079175983438
64 2 640 0.0006181869581341744 0.0001230563625693321 5.023608249316463
64 2 1280 0.0012049191240221262 0.0003223794586956501 3.737580331256956
64 2 2560 0.002423925828188658 0.0009717428348958492 2.494410806176361
64 2 5120 0.004773442521691322 0.0033884166553616525 1.408753116042585
64 4 1 2.156115844845772e-05 3.1680662371218206e-05 0.6805778930949996
64 4 2 2.2973725199699403e-05 3.152900841087103e-05 0.7286535910142417
64 4 4 2.4911316484212876e-05 3.193098325282335e-05 0.7801612711694434
64 4 10 3.070834167301655e-05 3.1702500022947786e-05 0.9686410109861489
64 4 20 6.574721243232488e-05 3.194554168730974e-05 2.0581029138861884
64 4 40 0.00013477384578436613 3.4669458121061326e-05 3.8873940663783393
64 4 80 0.0002559528760612011 4.013985842466354e-05 6.376526627307021
64 4 160 0.00045003441534936426 5.040392931550741e-05 8.928558179112148
64 4 320 0.0006772068366408348 7.513288743793965e-05 9.013454157478147
64 4 640 0.001217946583405137 0.00017749656680971385 6.861803612859979
64 4 1280 0.002359144575893879 0.0005052901692688465 4.668890707506847
64 4 2560 0.0047435745969414715 0.0017026230841875076 2.7860391656824666
64 4 5120 0.009297921657562255 0.0040336429327726365 2.305092893081409
64 8 1 2.200009152293205e-05 3.153038341552019e-05 0.6977425942782209
64 8 2 2.3908870853483678e-05 3.119131680577993e-05 0.7665232924392992
64 8 4 2.784139160066843e-05 3.07259164750576e-05 0.9061207864464923
64 8 10 6.040436271578074e-05 3.055020421743393e-05 1.977216331709825
64 8 20 0.00013347517084330321 3.1791166588664055e-05 4.198498676386955
64 8 40 0.0002675251681357622 3.493255414068699e-05 7.658334030152341
64 8 80 0.0005144959576427936 3.9949924871325494e-05 12.878521281327338
64 8 160 0.0008670724593102932 5.1102345436811445e-05 16.967371103982632
64 8 320 0.0013520619608461857 9.922846667468547e-05 13.625746785736789
64 8 640 0.002414103336632252 0.00027595241740345955 8.748259425836748
64 8 1280 0.00470525125041604 0.00087123366817832 5.400676560462069
64 8 2560 0.009315032474696637 0.002193094603717327 4.247437597496944
64 8 5120 0.018370888754725458 0.005235244166105986 3.509079647834241
64 16 1 2.298268750309944e-05 3.0752129107713696e-05 0.7473527254844475
64 16 2 2.648855447769165e-05 3.0963220819830894e-05 0.8554844675824754
64 16 4 3.581674583256245e-05 3.0025579035282136e-05 1.1928744418375843
64 16 10 0.0001253137044608593 3.1195475161075595e-05 4.017047466461434
64 16 20 0.00026795653998851773 3.28190166503191e-05 8.164673026116168
64 16 40 0.0005376002080738544 3.540802076458931e-05 15.18300646195664
64 16 80 0.0010242411252111196 4.077212903648615e-05 25.12110967505639
64 16 160 0.001760232623666525 6.533879581838846e-05 26.940083630545548
64 16 320 0.0027158237621188164 0.0001654432749375701 16.41543763651699
64 16 640 0.004826775416731834 0.0004809396676719189 10.036134969063314
64 16 1280 0.009342343751341105 0.001192261626943946 7.835816854466569
64 16 2560 0.01850051458925009 0.002783465441316366 6.646575996467469
64 16 5120 0.0364509915933013 0.006346899587661028 5.74311773644024
64 32 1 2.511417493224144e-05 3.0395791865885258e-05 0.8262385478572892
64 32 2 3.235160820186138e-05 3.0272058211266994e-05 1.0686953617782222
64 32 4 8.051326237618924e-05 2.9965846054255963e-05 2.6868342789458524
64 32 10 0.0002574378326535225 3.1619746051728726e-05 8.141679323811259
64 32 20 0.0005256524160504342 3.319914564490318e-05 15.83331154580882
64 32 40 0.0010568244569003583 3.65904999896884e-05 28.88248198844462
64 32 80 0.002033768352121115 4.748046677559614e-05 42.83379019277933
64 32 160 0.003538912497460842 0.00010614951681345701 33.33894118123955
64 32 320 0.005383639559149742 0.0002937559597194195 18.326911781779394
64 32 640 0.00964124957099557 0.0006949919611215591 13.872462000044983
64 32 1280 0.01867585500702262 0.0015175465401262044 12.306611041707802
64 32 2560 0.03689642492681742 0.0033262233436107637 11.092587933907259
64 32 5120 0.0730010624974966 0.008159679602831602 8.946559920338478
64 64 1 2.9508579149842263e-05 3.0182320810854434e-05 0.9776776058662171
64 64 2 4.796422068029642e-05 2.9786554351449014e-05 1.61026415188446
64 64 4 0.00017659230828285217 3.067221250385046e-05 5.757403651943384
64 64 10 0.0005168118309229612 3.235235419124365e-05 15.974473692639016
64 64 20 0.0010399460829794407 3.369456250220537e-05 30.863914108140577
64 64 40 0.00209456292912364 4.2042824998497965e-05 49.819747583528724
64 64 80 0.004071560446172953 7.01506206765771e-05 58.04026260786064
64 64 160 0.007040057480335236 0.00019767799973487854 35.613763240103644
64 64 320 0.01080613499507308 0.00045793704316020014 23.597424922213094
64 64 640 0.019142606668174265 0.0009045584555715323 21.16237657198095
64 64 1280 0.03716037478297949 0.0018378195427358151 20.219816972705498
64 64 2560 0.07357351668179035 0.0042553433403372766 17.28967812875916
64 64 5120 0.14607872907072306 0.011376405842602253 12.840499107696111
64 128 1 3.7681516632437704e-05 3.0088133178651332e-05 1.2523713720854628
64 128 2 0.00011278235409408808 3.057565819472074e-05 3.688632093406948
64 128 4 0.00035061383433640004 3.160572517663241e-05 11.093364647605847
64 128 10 0.0009857432916760445 3.230195418000221e-05 30.516521885425355
64 128 20 0.0020423591695725917 3.6703470908105374e-05 55.64485099205071
64 128 40 0.004156497921794653 5.798672921955586e-05 71.68015816268675
64 128 80 0.00806840168312192 0.000123211333155632 65.48424951242491
64 128 160 0.013971037920564413 0.00032117066718637946 43.500354633746305
64 128 320 0.021435008384287357 0.0006433165408670903 33.31953559813076
64 128 640 0.03854947499930859 0.0011189453322440386 34.45161607850656
64 128 1280 0.07483735010027885 0.002332011666148901 32.09132749488588
64 128 2560 0.14747833739966154 0.0060039529018104075 24.563540022972454
64 128 5120 0.2909812927246094 0.017710304595530035 16.43005579915611
128 1 1 2.14821208268404e-05 3.1835587322711945e-05 0.674783242070573
128 1 2 2.211672067642212e-05 3.2908541895449165e-05 0.672066260081872
128 1 4 2.321116682142019e-05 3.2469462230801585e-05 0.7148614490880396
128 1 10 2.699884157627821e-05 3.353497926145792e-05 0.8050949238936385
128 1 20 3.4598629176616666e-05 3.4511750005185604e-05 1.0025173794843207
128 1 40 6.530343759804964e-05 3.861119579523802e-05 1.6913083434236351
128 1 80 0.00013123812079429627 4.724930841475725e-05 2.777567020500707
128 1 160 0.0002334649171680212 6.564237903803587e-05 3.5566187665554003
128 1 320 0.0003580516669899225 0.00010354000441730023 3.4580997847639323
128 1 640 0.0006329308729618788 0.0001869079167023301 3.3863245823336934
128 1 1280 0.0012504738345742227 0.00043367020785808566 2.8834672336621012
128 1 2560 0.0024829637445509434 0.0012144697085022926 2.04448388228059
128 1 5120 0.00487315583974123 0.0037902379035949707 1.2857123915939768
128 2 1 2.20877917483449e-05 3.209040444344282e-05 0.688298952020787
128 2 2 2.2793533094227314e-05 3.235232084989548e-05 0.704540895226098
128 2 4 2.5144121050834655e-05 3.200482483953238e-05 0.7856353277014853
128 2 10 3.23788708075881e-05 3.294238336384297e-05 0.9828939955548763
128 2 20 6.296561267226934e-05 3.496452067047357e-05 1.8008430107106201
128 2 40 0.0001350015752017498 3.901006653904915e-05 3.460685591669345
128 2 80 0.00025486304238438607 4.8314200155436996e-05 5.275116664757727
128 2 160 0.00044876591861248014 6.730626672506332e-05 6.667520580893695
128 2 320 0.0006839472483843564 0.00010931187495589257 6.256843080043497
128 2 640 0.0012393210399895907 0.0002290919180959463 5.409710871906659
128 2 1280 0.0024030024744570253 0.000622384998947382 3.8609582148045654
128 2 2560 0.004780671652406454 0.0018812340423464775 2.541242367931789
128 2 5120 0.009395425003021955 0.006565832924097776 1.4309570638843203
128 4 1 2.2224950045347215e-05 3.193124160170555e-05 0.6960252383095591
128 4 2 2.409647908061743e-05 3.1832191720604896e-05 0.7569846051479968
128 4 4 2.7873533219099045e-05 3.189026266336441e-05 0.8740452693454988
128 4 10 6.133040841668845e-05 3.219584170728922e-05 1.9049170689270436
128 4 20 0.00012997466642409564 3.369017913937569e-05 3.8579393088529654
128 4 40 0.00026433629356324673 3.899811264127493e-05 6.778181703169854
128 4 80 0.0005103829987347126 4.8580987751483916e-05 10.505817653308684
128 4 160 0.0008930023331195116 6.950905825942754e-05 12.847279987402121
128 4 320 0.001368004085496068 0.00012710919566452503 10.762432083250646
128 4 640 0.0024273291788995265 0.00032513966783881187 7.465496889487123
128 4 1280 0.004729938320815563 0.0009767739586532115 4.8424082961192605
128 4 2560 0.009429094176739454 0.003303268738090992 2.854473833148879
128 4 5120 0.018623417895287275 0.008004977516829968 2.326479725412432
128 8 1 2.3480525240302087e-05 3.1589620746672155e-05 0.7432987381710073
128 8 2 2.6527570746839047e-05 3.1742954067885874e-05 0.8356994969688977
128 8 4 3.501615840941668e-05 3.140704557299614e-05 1.114914114669979
128 8 10 0.00012476491648703814 3.210971672087908e-05 3.885581351326927
128 8 20 0.00026106233336031434 3.3844370767474174e-05 7.713611671315395
128 8 40 0.0005383056234568357 3.937321230769157e-05 13.671874655542837
128 8 80 0.001024813750758767 4.972135853022337e-05 20.61113736737159
128 8 160 0.0017771949153393507 7.635972071439027e-05 23.273983963176438
128 8 320 0.002729345392435789 0.00018924475833773612 14.422303774273399
128 8 640 0.004824427906423807 0.0005150602106004953 9.366726078100912
128 8 1280 0.009461175408214331 0.0016886895410716534 5.60267306577277
128 8 2560 0.01858919916674495 0.004287477526813746 4.335696000851013
128 8 5120 0.03673842083662748 0.01035259583964944 3.5487158395503946
128 16 1 2.5684316642582417e-05 3.116867486387491e-05 0.8240426246786331
128 16 2 3.2482129149138925e-05 3.100986257195473e-05 1.047477365427466
128 16 4 7.065355405211449e-05 3.0915841832757e-05 2.28535112950582
128 16 10 0.0002559483777731657 3.192306254059076e-05 8.017663638873076
128 16 20 0.0005306739993393421 3.4867433458566664e-05 15.219760868546507
128 16 40 0.001068693958222866 4.022656660526991e-05 26.56686981788948
128 16 80 0.002071650829166174 5.1540654338896276e-05 40.19449996781973
128 16 160 0.0035297537595033648 0.00011579891685396432 30.481751085416352
128 16 320 0.00540164751932025 0.0003033172506839037 17.80857339020745
128 16 640 0.009629585407674312 0.0009074006229639053 10.612275508716902
128 16 1280 0.018668773770332336 0.0023133733309805395 8.069935587274815
128 16 2560 0.03691065423190594 0.005423059556633234 6.806241725071698
128 16 5120 0.07345419190824032 0.012515168748795985 5.8692130631723956
128 32 1 2.9783462546765805e-05 3.097795844078064e-05 0.9614404578565658
128 32 2 4.6058749966323376e-05 3.0510233156383036e-05 1.5096164532812637
128 32 4 0.00016615159157663584 3.060059994459152e-05 5.429684119837074
128 32 10 0.0005199660416692495 3.2798016630113126e-05 15.853581865430503
128 32 20 0.0010661862920969725 3.5494504496455194e-05 30.038066659120474
128 32 40 0.0021305378898978235 4.093909580260515e-05 52.04164498821802
128 32 80 0.004092669989913702 6.46388167515397e-05 63.31597940050805
128 32 160 0.007036200854927301 0.00018308293744921685 38.43176733429344
128 32 320 0.01077224124222994 0.0005359934587031603 20.097710274848218
128 32 640 0.019166301693767308 0.0012909580003470182 14.846572613993079
128 32 1280 0.037317470833659175 0.0029132066667079924 12.809757460780835
128 32 2560 0.0737663459032774 0.006538282092660666 11.282221363021547
128 32 5120 0.14576781261712313 0.016185077913105486 9.006308984097696
128 64 1 3.860229142010212e-05 3.0490703880786896e-05 1.2660347747638119
128 64 2 9.699645824730396e-05 3.0564449913799766e-05 3.173505772911369
128 64 4 0.00034580545872449873 3.150279149413109e-05 10.976978303301205
128 64 10 0.0010181529168039561 3.3472649939358233e-05 30.41745779460319
128 64 20 0.0020741545967757702 3.643626235425472e-05 56.925558846009565
128 64 40 0.004209704995155335 4.722417090088129e-05 89.14301542722848
128 64 80 0.008136326223611831 0.00010467219166457653 77.73149768072881
128 64 160 0.014013102501630783 0.0003427852913737297 40.88011607928845
128 64 320 0.021489275246858598 0.0008154301661998034 26.353299322989628
128 64 640 0.03849980439990759 0.0016763349156826734 22.96665424058704
128 64 1280 0.07432268746197224 0.003526712916791439 21.074209672158435
128 64 2560 0.1473141958937049 0.008336530812084676 17.67092321906344
128 64 5120 0.292733708396554 0.02256358340382576 12.973724215583578
128 128 1 6.064173337072134e-05 3.071574606001377e-05 1.9742881469405584
128 128 2 0.0002356672529131174 3.111249599605799e-05 7.574681663051941
128 128 4 0.0007046222500503063 3.233615439385176e-05 21.7905395140085
128 128 10 0.0020023683458566667 3.43885749578476e-05 58.22772093089362
128 128 20 0.004083397928625345 4.061632473021746e-05 100.53587949545336
128 128 40 0.008286536652594805 7.297425419092178e-05 113.55424929612607
128 128 80 0.01611534833908081 0.00018249516654759645 88.30561731550175
128 128 160 0.028042658418416976 0.000563084539026022 49.80186184284671
128 128 320 0.042894046008586886 0.0011371385008096696 37.721039238443964
128 128 640 0.07622352074831724 0.002078450005501509 36.67325196495418
128 128 1280 0.14829193744808436 0.00447112500667572 33.16658273402634
128 128 2560 0.29695587418973446 0.01178865959867835 25.189960886055847
128 128 5120 0.5828237906098366 0.03480904996395111 16.743455831555863
1 1 10240 0.0002923257891088724 0.0005701304171234369 0.5127349468281079
1 1 20480 0.0001800062097609043 0.00026608658209443094 0.6764948775095403
1 1 40960 0.00032970395870506763 0.0006571858339011669 0.5016906051487581
1 2 10240 0.00016657032072544097 0.00022376308403909207 0.7444048308537822
1 2 20480 0.00032488004118204117 0.0004662082511931658 0.6968560516691337
1 2 40960 0.0006361900009214878 0.0008197627905756236 0.7760659647344642
2 1 10240 0.00016774650439620018 0.00017243002932518722 0.9728381132490888
2 1 20480 0.0003248140439391136 0.00037318304181098937 0.8703880068152352
2 1 40960 0.0006285856254398823 0.0010169172920286656 0.6181285640112444
2 2 10240 0.0003182482495903969 0.0002703470401465893 1.1771841460436716
2 2 20480 0.0006206046268343925 0.000635456332936883 0.9766282821766046
2 2 40960 0.0012105410005897284 0.0012456598337739705 0.9718070437594165
1 4 10240 0.000982694124802947 0.0014042593333870171 0.6997953308472789
1 4 20480 0.0018588958494365215 0.0019953691959381102 0.9316049647456712
1 4 40960 0.0036492212302982807 0.0033801583386957644 1.0796006768447226
1 8 10240 0.0016389570944011212 0.001604887917637825 1.0212283838571365
1 8 20480 0.0033053450100123884 0.002871251665055752 1.1511861012532343
1 8 40960 0.007360662911087275 0.004663426242768764 1.5783809002020603
1 16 10240 0.0032939054258167744 0.002260334566235542 1.4572645461519378
1 16 20480 0.0071749529056251045 0.0038768154382705687 1.850733680741279
1 16 40960 0.01426058916375041 0.0060723662562668325 2.3484402227934007
1 32 10240 0.006934034172445536 0.0035735566727817056 1.9403733611556209
1 32 20480 0.01405817959457636 0.005637111235409975 2.493862371611324
1 32 40960 0.025420245714485645 0.010485194157809019 2.4243943728551276
2 4 10240 0.001617834586650133 0.0014583445824682712 1.1093637306979414
2 4 20480 0.0031502554193139076 0.002918463330715895 1.0794226489531238
2 4 40960 0.0068501529097557065 0.0051477220840752125 1.3307153723288727
2 8 10240 0.0031358045898377896 0.0022342337481677534 1.403525746761902
2 8 20480 0.006670476663857699 0.003693232499063015 1.8061350498648596
2 8 40960 0.012735264170914888 0.006264132466167211 2.0330451566435537
2 16 10240 0.006637249998748302 0.0029520250111818316 2.2483718713789305
2 16 20480 0.013157974593341351 0.004655626267194748 2.8262523317340293
2 16 40960 0.023532445915043353 0.009272875003516675 2.53777236360016
2 32 10240 0.01301875790581107 0.004942119996994734 2.63424560992604
2 32 20480 0.02309884559363127 0.007176781240850687 3.2185522755174976
2 32 40960 0.050428896024823186 0.016239864584058523 3.105253480643275
4 1 10240 0.0011526147928088903 0.0009529707916080952 1.2094964535732569
4 1 20480 0.001656266674399376 0.002084012497216463 0.7947489166267424
4 1 40960 0.003544648326933384 0.005351110827177763 0.6624135513939396
4 2 10240 0.0014973054267466068 0.0012983231246471406 1.1532610013039286
4 2 20480 0.0034577770717442034 0.00311532873660326 1.1099236594576294
4 2 40960 0.006552894599735737 0.0066384333372116085 0.9871146198009724
4 4 10240 0.0031638891622424127 0.0019182408414781093 1.6493701384256125
4 4 20480 0.005985595397651196 0.0043373916670680045 1.37999882350891
4 4 40960 0.012731755003333092 0.008350975438952446 1.5245829779293634
4 8 10240 0.00570569584146142 0.0032053258270025252 1.7800673470993515
4 8 20480 0.004966649580746889 0.00553884832188487 0.8966935529039254
4 8 40960 0.023664983361959456 0.011244369167834521 2.1046074714137957
4 16 10240 0.013592407889664173 0.004008927084505558 3.390535074134579
4 16 20480 0.02459705825895071 0.0074840416759252544 3.2866009202052937
4 16 40960 0.050325746089220046 0.01342908751219511 3.7475179191079553
4 32 10240 0.024459254182875156 0.0065094675123691555 3.7574892472230927
4 32 20480 0.048635562509298326 0.012949572503566742 3.755765875352447
4 32 40960 0.0966436168178916 0.02688292507082224 3.594981445035723
8 1 10240 0.0017992612533271313 0.0015579563770443201 1.1548855153060211
8 1 20480 0.0033402800001204012 0.003359759170562029 0.994202212285838
8 1 40960 0.007362787928432226 0.009915247913450003 0.7425722475828997
8 2 10240 0.0031191445514559745 0.00205510251224041 1.51775618631091
8 2 20480 0.006811165008693934 0.0050566641613841055 1.3469680388720116
8 2 40960 0.012455834187567233 0.012193967904895544 1.0214750674033313
8 4 10240 0.007079242896288633 0.003025113753974438 2.340157584814066
8 4 20480 0.012071669604629277 0.007230080831795931 1.669645179005656
8 4 40960 0.024210770800709724 0.014916899986565113 1.6230430466460943
8 8 10240 0.012668266259133816 0.003795848321169615 3.3374005458759592
8 8 20480 0.025888354144990446 0.009574928730726242 2.703764683063793
8 8 40960 0.04884514585137367 0.020430853962898253 2.3907540007909027
8 16 10240 0.02154702916741371 0.006136044152081013 3.511550541908361
8 16 20480 0.04687185008078813 0.012564582489430905 3.730474141915648
8 16 40960 0.0948845500126481 0.027127820998430252 3.4976841677825354
8 32 10240 0.04498799182474613 0.011118832491338253 4.0461075261087425
8 32 20480 0.09654352497309446 0.02369013335555792 4.075263044074189
8 32 40960 0.1980792935937643 0.044123345799744126 4.4892174426834375
16 1 10240 0.003730208333581686 0.002692983318120241 1.3851583515138335
16 1 20480 0.007507234998047352 0.006577070001512766 1.1414254366033267
16 1 40960 0.013466712478548288 0.016356887482106685 0.823305319748635
16 2 10240 0.006679852493107319 0.003440546654164791 1.9415090578764103
16 2 20480 0.01319671083241701 0.010068296659737826 1.3107193081814346
16 2 40960 0.0248476542532444 0.022990304045379162 1.0807884142897428
16 4 10240 0.011861899588257074 0.005196236651390791 2.2827866365713336
16 4 20480 0.02326639574021101 0.013436085432767869 1.73163499567136
16 4 40960 0.052679083310067654 0.025605821050703526 2.0573088910429718
16 8 10240 0.022451004199683666 0.00808230834081769 2.7777960519398213
16 8 20480 0.0435174124315381 0.016917035430669785 2.5724018023065134
16 8 40960 0.09403181243687868 0.03480744995176792 2.701485244313414
16 16 10240 0.046799545735120775 0.009708944577723741 4.820250580325479
16 16 20480 0.09508420005440713 0.017770779319107533 5.350592584995443
16 16 40960 0.19396029226481915 0.05082375425845385 3.8163314594682163
16 32 10240 0.08939020428806543 0.013960104249417783 6.403261944966745
16 32 20480 0.1761369165033102 0.041328653879463675 4.261859508345447
16 32 40960 0.401897918432951 0.08208384998142719 4.896187478095714
32 1 10240 0.00249227000400424 0.0011586013752967119 2.151102231659256
32 1 20480 0.004923303760588169 0.003353548739105463 1.4680877314165495
32 1 40960 0.009617052096873522 0.011648170836269855 0.8256276656698859
32 2 10240 0.004783766679465771 0.0017470652908086776 2.738172811647739
32 2 20480 0.0094910604134202 0.005668244175612926 1.6744268805946243
32 2 40960 0.018662694152444603 0.014000406265258789 1.3330108997447463
32 4 10240 0.009375523757189513 0.0029252870939671994 3.2049926916659204
32 4 20480 0.018640252500772475 0.008133950401097536 2.2916604579070574
32 4 40960 0.03640244584530592 0.01820831833407283 1.9992206406665693
32 8 10240 0.018554856646806003 0.004515070002526045 4.109539084980991
32 8 20480 0.03682436682283878 0.010257060006260872 3.5901483271387047
32 8 40960 0.07226459160447121 0.023040916584432126 3.136359238993889
32 16 10240 0.03692418355494738 0.005567814148962498 6.631719839612068
32 16 20480 0.07318708319216967 0.012505932468920946 5.852189220919765
32 16 40960 0.143782558478415 0.029525320790708066 4.869805124138225
32 32 10240 0.07383512929081917 0.006770655419677496 10.905167183110928
32 32 20480 0.1459092665463686 0.015523677915334702 9.399142866925597
32 32 40960 0.28670303896069527 0.040565958432853225 7.067577102492482
1 1 81920 0.001429564207792282 0.002844880409538746 0.5025041485044582
1 1 81920 0.0023147558234632016 0.005378110390156507 0.43040318170111797
1 1 163840 0.003969700001180172 0.007698279172182083 0.5156606966820297
1 1 327680 0.0077819287776947025 0.005789591260254383 1.3441240370659222
1 1 655360 0.014601155817508697 0.028998037427663804 0.5035222074573694
1 2 81920 0.00410075081512332 0.007173801250755787 0.5716287184135872
1 2 163840 0.007211048733443022 0.011619842499494553 0.620580591669525
1 2 327680 0.006712834611535073 0.01685762457549572 0.3982076229940999
1 2 655360 0.030161912366747857 0.0412108501419425 0.7318925055625207
1 4 81920 0.00686486667022109 0.01179859708994627 0.581837536945026
1 4 163840 0.018747258372604846 0.023836141638457774 0.7865055786695608
1 4 327680 0.028295325115323067 0.0346620999276638 0.8163188374152884
1 4 655360 0.05480618756264448 0.047741154208779335 1.1479862284637836
1 8 81920 0.016371234990656375 0.01712373774498701 0.9560549942111248
1 8 163840 0.031596016883850095 0.030138733237981795 1.0483525181486986
1 8 327680 0.05766689591109753 0.03938495442271232 1.4641859247104387
1 8 655360 0.03356797080487013 0.02024587504565716 1.6580153107321793
1 16 81920 0.009959778729826212 0.007247912082821131 1.3741583253241576
1 16 163840 0.019877437502145767 0.03772410668432712 0.5269160557857308
1 16 327680 0.1257319500669837 0.05920193754136562 2.1237809992136185
1 16 655360 0.2111348733305931 0.11065426245331764 1.9080591081583127
1 32 81920 0.060485358163714406 0.0303849458694458 1.9906357057076967
1 32 163840 0.11867040432989598 0.04930748343467713 2.4067422643281176
1 32 327680 0.24246570654213428 0.09371296670287847 2.587322918832392
1 32 655360 0.44604020938277245 0.169579166918993 2.630277158961651
2 1 81920 0.004080455433577299 0.007693349998444319 0.5303873389878808
2 1 163840 0.008463850840926171 0.011754319183528423 0.7200630431056139
2 1 327680 0.016102992072701452 0.020962379314005374 0.7681853205443492
2 1 655360 0.026597408391535283 0.049357129260897636 0.5388767294577369
2 2 81920 0.006921545006334782 0.009196540415287018 0.7526248669368529
2 2 163840 0.01521742582321167 0.015874373745173215 0.9586158211651469
2 2 327680 0.02660661656409502 0.03351562917232513 0.793856992130254
2 2 655360 0.04518755823373795 0.05588818732649088 0.8085350481982646
2 4 81920 0.01573079125955701 0.014991489555686712 1.0493147596257277
2 4 163840 0.030973129346966742 0.024494604021310807 1.2644878569998308
2 4 327680 0.05399269573390484 0.04831645842641592 1.1174804092094954
2 4 655360 0.10079368762671947 0.08122184164822102 1.24096776903023
2 8 81920 0.02810965832322836 0.021342799998819828 1.3170557904671698
2 8 163840 0.05603209175169468 0.03400227911770344 1.6478922356272676
2 8 327680 0.11276537925004959 0.0604596083983779 1.8651357863091127
2 8 655360 0.16112996079027653 0.10784873738884926 1.494036598771866
2 16 81920 0.05835398342460394 0.03759868759661913 1.552021816576681
2 16 163840 0.03833136260509491 0.012990852110087872 2.9506426738034532
2 16 327680 0.07490655407309532 0.02164957094937563 3.459955592110966
2 16 655360 0.12762024588882923 0.04368559997528791 2.921334397628086
2 32 81920 0.03824109584093094 0.010489959176629782 3.6454952013661748
2 32 163840 0.07609547916799783 0.1244351040571928 0.6115274282490484
2 32 327680 0.4035906232893467 0.16474442481994628 2.4497983693860474
2 32 655360 0.7241803370416164 0.27337379194796085 2.6490481471591494
4 1 81920 0.007521180398762226 0.010649049188941717 0.7062771769870722
4 1 163840 0.016686846651136875 0.017688752505928277 0.9433591569300538
4 1 327680 0.02849464602768421 0.03525220844894648 0.8083081112195052
4 1 655360 0.0523245707154274 0.0870398623868823 0.601156404439734
4 2 81920 0.014578605443239212 0.012701456267386675 1.1477900751170134
4 2 163840 0.02839804608374834 0.022786108218133448 1.2462876859835523
4 2 327680 0.05572662483900785 0.05645833741873503 0.9870397781234633
4 2 655360 0.09444925412535668 0.1098301624879241 0.8599573376370215
4 4 81920 0.026651591621339323 0.019021303746849298 1.4011443156599563
4 4 163840 0.05203722920268774 0.036328541859984395 1.4324062166669655
4 4 327680 0.10085556246340274 0.06579718347638845 1.5328249194677932
4 4 655360 0.18216733261942863 0.12271285839378834 1.484500768736472
4 8 81920 0.053336150012910366 0.026998170651495457 1.9755468139451893
4 8 163840 0.10111568737775087 0.057374799996614455 1.7623710650619688
4 8 327680 0.2033264171332121 0.08595403749495745 2.3655249137673184
4 8 655360 0.3414627071470022 0.16487091593444347 2.071091224378081
4 16 81920 0.10742516238242387 0.042067520692944525 2.553636644444344
4 16 163840 0.1885472908616066 0.09047833736985922 2.0838942927394775
4 16 327680 0.41583062522113323 0.12763215824961663 3.2580395953805965
4 16 655360 0.6695291642099619 0.31783620826900005 2.106522626406703
4 32 81920 0.2205372080206871 0.052820720709860325 4.175202554165798
4 32 163840 0.37144287675619125 0.21308877523988484 1.7431367576168157
4 32 327680 0.7843565810471773 0.20240675285458565 3.8751502604791046
4 32 655360 1.4844757486134768 0.4630093742161989 3.206146206275969
8 1 81920 0.01505862457677722 0.015447900425642728 0.9748007277274179
8 1 163840 0.029027649946510792 0.027772908471524714 1.045178612685544
8 1 327680 0.047875029221177104 0.06874777507036925 0.6963865982887868
8 1 655360 0.09593565836548805 0.16755850054323673 0.5725502320351264
8 2 81920 0.022979279048740864 0.019760716892778873 1.1628767910307012
8 2 163840 0.05285845007747412 0.03784373737871647 1.3967555463272505
8 2 327680 0.10848131235688925 0.10335586238652468 1.0495903169110687
8 2 655360 0.17904787324368954 0.15840508416295052 1.1303164553702323
8 4 81920 0.05264216661453247 0.029419108293950558 1.7893868872074978
8 4 163840 0.10816957913339138 0.055086308531463145 1.9636381891810586
8 4 327680 0.19320416636765003 0.12461800836026668 1.5503711615186704
8 4 655360 0.3308061268180609 0.24863937497138977 1.3304655662689218
8 8 81920 0.1089114747941494 0.03984258733689785 2.733544231784553
8 8 163840 0.19631953909993172 0.07972031682729722 2.462603598593696
8 8 327680 0.38673270866274834 0.157623291015625 2.4535251495568127
8 8 655360 0.6903620846569538 0.31462845765054226 2.1942137396348897
8 16 81920 0.20406129024922848 0.07966551650315523 2.5614757702744124
8 16 163840 0.39057312346994877 0.12091623321175575 3.2301132204966536
8 16 327680 0.7878915425390005 0.18963179178535938 4.154849432793421
8 16 655360 1.2726533748209476 0.41827020794153214 3.04265843145789
8 32 81920 0.38536908477544785 0.1528708918020129 2.5208794181337635
8 32 163840 0.7515280451625586 0.18504913318902255 4.061235155286534
8 32 327680 1.6131566688418388 0.32777754217386246 4.921498459422137
8 32 655360 2.693871960043907 0.8943337928503752 3.012154948834188
16 1 81920 0.027440091595053673 0.03099538739770651 0.8852959713961855
16 1 163840 0.04479141235351562 0.04700812082737684 0.9528441376756707
16 1 327680 0.095824721083045 0.12796953730285168 0.7488088423439946
16 1 655360 0.18739020824432373 0.30201566591858864 0.6204651923415014
16 2 81920 0.05388485845178366 0.03572689574211836 1.5082435048578517
16 2 163840 0.09867109190672636 0.0621853668242693 1.5867252529934044
16 2 327680 0.2020050399005413 0.19557296112179756 1.032888384681858
16 2 655360 0.37183958292007446 0.2994608338922262 1.2416968793117595
16 4 81920 0.0836688831448555 0.038175275176763536 2.1917034718791744
16 4 163840 0.20374874956905842 0.11097289174795151 1.8360227111304368
16 4 327680 0.40299174934625626 0.20699129067361355 1.9469019591829044
16 4 655360 0.710377374663949 0.5170119162648916 1.3740058058932367
16 8 81920 0.2326509917154908 0.07832692489027977 2.970255656549621
16 8 163840 0.4173216260969639 0.14426412526518106 2.8927609364411175
16 8 327680 0.8018447086215019 0.28770354203879833 2.7870519178848654
16 8 655360 1.4318791683763266 0.671545960009098 2.1322132119697774
16 16 81920 0.45764983259141445 0.13128540813922882 3.485915449994828
16 16 163840 0.8111654184758663 0.36955729126930237 2.1949652669273325
16 16 327680 1.58508987352252 0.4265645854175091 3.7159434414159813
16 16 655360 2.7968212086707354 0.9665305428206921 2.893670799588579
16 32 81920 0.8472865391522646 0.3412862531840801 2.482627211753713
16 32 163840 1.687628872692585 0.6019259989261627 2.803714868112224
16 32 327680 3.2749651260674 1.0281316675245762 3.1853557569649666
16 32 655360 5.8219729997217655 1.7289447076618671 3.3673563844589873
32 1 81920 0.05635002925992012 0.06268535014241934 0.8989345857029506
32 1 163840 0.12195611651986837 0.0883874960243702 1.3797892462780328
32 1 327680 0.1844862923026085 0.21953050047159195 0.8403674747076053
32 1 655360 0.40699733421206474 0.62132178992033 0.6550507978550899
32 2 81920 0.10923447106033564 0.06104471273720265 1.7894173985319546
32 2 163840 0.19757945835590363 0.13150552101433277 1.5024423068470978
32 2 327680 0.40631674975156784 0.37534300051629543 1.0825211851364407
32 2 655360 0.7191138342022896 0.7859080005437136 0.9150101967466754
32 4 81920 0.2028769589960575 0.09178374186158181 2.210380127038341
32 4 163840 0.4026929158717394 0.20508212596178055 1.9635690530474894
32 4 327680 0.8033567499369383 0.41006158106029034 1.9591124529630655
32 4 655360 1.4414120838046074 0.9293411653488874 1.5510042356334033
32 8 81920 0.3885430432856083 0.139023070782423 2.7948098189666273
32 8 163840 0.8343936689198017 0.2525592911988497 3.303753605575537
32 8 327680 0.5843485835939646 0.5500991232693195 1.0622605251960693
32 8 655360 2.935807915404439 1.2569554150104523 2.3356500002667366
32 16 81920 0.7925050836056471 0.24211737513542175 3.2732268106011846
32 16 163840 1.5243371687829494 0.5645401645451784 2.7001394489106567
32 16 327680 3.3220148738473654 0.6470516659319401 5.134079778718614
32 16 655360 5.154251830652356 1.8276345822960138 2.8201763528556087
32 32 81920 1.6406458336859941 0.5930387489497662 2.7665069720848314
32 32 163840 3.301391499117017 1.3871493320912123 2.3799827623028644
32 32 327680 7.24149270914495 0.28307391703128815 25.58163176985518
32 32 655360 3.896692292764783 0.7751227915287018 5.027193543205849
